"COMPOUND_K";"FELTNR";"STATION_NA";"AREAL_NOR";"AREAL_UTM3";"GRAD_1085";"GRAD_FELT";"GRAD_ELV";"HEIGHT_MIN";"HEIGHT_10";"HEIGHT_20";"HEIGHT_30";"HEIGHT_40";"HEIGHT_50";"HEIGHT_60";"HEIGHT_70";"HEIGHT_80";"HEIGHT_90";"HEIGHT_MAX";"FELT_LE_KM";"ELV_LE_KM";"JORDBRUKPR";"MYRPRO";"EFF_MYR";"EFF_SJO";"SKOGPRO";"BREPRO";"SJOPRO";"SNAUFJPRO";"URBANPRO"
19000002000;2063;"Storfossen";52.693;52.69;14.83;54.23;28.75;194;258;282;328;375;438;511;596;697;800;1328;8.62;13.22;0.83;6.71;0;1.27;37.88;0;5.82;41.9;0
16000002000;1903;"Fykanvatn";315.68;315.68;16.9;22.2;24.27;92;585;585;643;731;822;944;1050;1139;1221;1625;22.86;28.01;0;0.03;0;12.46;0.54;34.28;17.69;46.22;0
16200001000;1931;"Oldereidvatn";49.93;49.93;24.9;0;32.35;41;320;388;398;400;422;450;492;564;655;1113;12.62;17.99;0.04;4.23;0;9.11;48.67;0.28;16.76;25.96;0
24600004000;2211;"Lille Ropelvvatn";48.87;48.87;2.31;0;8.15;52;56;56;67;85;100;119;137;156;182;267;10.24;13.86;0;3.66;0;17.97;33.31;0;27.24;21.01;0
19400001000;2068;"Lysevatn";129.68;129.68;13.12;30.45;14.43;22;62;140;207;237;292;344;407;493;608;971;13.25;18.8;0.22;7.44;0;4.32;34.11;0;11;43.83;0
15600013000;1864;"Bjørnfoss";306.1;306.1;22.83;0;25.36;73;441;644;741;838;924;998;1069;1145;1221;1565;35.84;40.99;0;0.11;0;0.13;7.61;20.39;1.39;65.9;0
21200011000;2149;"Kista";6104.98;6181.8;1.06;14.93;2.24;0;368;389;412;433;449;469;492;522;585;1085;133.09;211.67;0.06;16.08;0;0.39;35.29;0;7.23;32.22;0.01
7600014000;1346;"Fåbergstøl";182.96;182.96;42.51;36.15;32.86;504;886;1197;1263;1338;1425;1480;1531;1583;1671;2081;17.34;23.37;0;0.02;0;1.75;3.66;36.92;7.28;49.97;0.06
19300002000;2067;"Skøvatn ndf.";94.91;94.91;19.27;31.22;22.73;180;193;260;336;413;476;543;609;689;834;1212;11.86;17.3;1.04;3.35;0;3.58;29.67;0.22;7.35;53.78;0
12700013000;1731;"Dillfoss";447.567;479.64;8.22;16.66;10.17;39;271;356;421;469;507;538;565;598;643;1031;33.53;53.19;1.43;21.26;0;0.19;41.09;0;2.65;21.15;0.06
7000008000;1226;"Målset";7.71;7.71;65.4;22.89;53.4;870;963;1032;1050;1063;1079;1104;1151;1224;1257;1365;4.15;6.67;0;2.46;0;2.61;0;0;8.82;88.72;0
1100004000;378;"Elgtjern";6.63;6.63;52.48;20.95;41.73;430;457;475;481;493;510;543;595;615;631;673;4.32;4.22;0;6.03;0;3.62;85.67;0;7.99;0.15;0
10900021000;1577;"Svoni";136.02;136.02;35.15;0;34.28;989;1073;1118;1173;1224;1263;1309;1383;1459;1542;2281;16.72;18.55;0;2.51;0;0.03;0.48;0.96;1.03;87.52;0.04
17000001000;1989;"Rotvatn";242.08;242.08;18.5;29.79;14.36;46;110;181;280;328;407;496;555;640;760;1230;23.6;34.96;0.07;2.64;0;5.45;31.54;0.34;14.98;42.06;0
1900107000;770;"Lilleelv";39.32;39.32;3.9;15.91;7.9;17;41;54;65;78;86;96;105;117;131;205;13.96;17.59;4.05;1.61;0;2.05;87.66;0;5.09;0;0.46
12100009000;1628;"Næverdal";793.85;793.85;8.75;13.96;10.82;480;763;853;901;942;979;1014;1048;1090;1162;1640;35.39;78.81;1.41;20.03;0;0.05;14.71;0;2.5;56.93;0
5000003000;1111;"Eidfjordvatn";1166.92;1166.92;376.63;19.49;335.39;19;974;1077;1138;1186;1226;1257;1292;1334;1391;1853;37.36;3.4;0.17;4.36;0;0.58;5.22;2.2;5.47;80.51;0.01
23400004000;2183;"Smalfjord";30.05;30.05;7.66;0;13.32;20;59;85;103;111;123;142;164;196;240;325;6.81;8.71;0;6.66;0;4.19;56.57;0;16.64;6.66;0
200268000;160;"Akslen";790.9;790.9;17.39;28.94;21.41;476;955;1138;1280;1384;1467;1559;1672;1804;1938;2462;35.94;48.01;0.63;0.38;0;0.06;11.38;10.87;1.9;71.06;0
3900002000;2278;"Kallandsvatnet";7.68;7.68;18.41;0;35.29;10;11;21;27;32;37;44;53;68;101;241;4.88;5.29;1.69;9.51;0;7.91;33.59;0;13.8;0.78;0
15600020000;1870;"Nylaenget";374.55;374.55;13.99;0;16.94;196;606;706;763;835;910;970;1034;1088;1183;1737;39.7;58.72;0;1.03;0;0.96;5.09;0.43;5.46;83.32;0
1200193000;515;"Fiskum";51.6;51.6;-999;16.38;-999;84;171;204;227;252;277;310;338;367;475;649;10.99;-999;4.64;2.98;0;0.11;88.39;0;1.26;0;0.08
20500001000;2111;"Helligskogen";292.92;365.06;12.88;11.54;15.84;324;563;665;721;788;834;875;922;975;1041;1407;28.16;42.05;0;0.43;0;1.07;5.69;0;5.57;64.56;0.01
15600027000;1876;"Leiråga";44.089;44.09;40.31;0;51.89;78;275;346;393;442;494;573;686;855;1015;1287;11.1;11.27;0;0.41;0;0.12;3.52;12.5;2.63;65.64;0
4600004000;1076;"Bondhus";60.5;60.5;86.55;44.43;118;23;440;782;954;1094;1236;1364;1463;1545;1590;1649;11.32;10.28;0.35;0.12;0;1.05;11.48;40.08;3.24;42.02;0
1200070000;426;"Etna";570.17;570.17;-999;13.65;-999;399;757;835;880;909;936;963;993;1024;1069;1681;46.33;-999;1.71;17.75;0;0.3;46.7;0;4.43;12.56;0.01
1600193000;701;"Hørte";156.65;156.65;10.25;28;29.89;96;260;311;369;429;502;579;672;771;913;1204;17.88;27.2;1.08;2.81;0;0.27;73.05;0;3.14;18.38;0.05
8400020000;1418;"Holsenvatn";71.476;71.48;62.88;0;67.97;131;203;374;512;602;674;756;826;899;1010;1425;11.72;14.31;2.74;0.74;0;4.94;32.88;0;5.96;51.04;0
9100002000;1486;"Dalsbøvatn";25.72;25.72;7.26;30.5;20.7;47;60;105;160;204;252;313;358;403;455;527;7.54;8.08;1.32;3.03;0;4.72;3.65;0;10.19;66.52;0.04
15500007000;1841;"Bleikingen";156.335;191.9;13.67;0;17.74;453;595;597;646;729;802;860;926;1023;1213;1906;21.32;28.77;0;1.58;0;18.01;12.42;7.92;13.33;41.3;0.01
1800004000;714;"Lundevatn";407.75;407.75;-999;20.77;-999;1;100;142;175;189;204;226;251;281;329;506;27.38;-999;1.9;4.59;0;2.24;83.56;0;8.77;0;0.07
15600010000;1863;"Berget";210.63;210.63;21.13;0;27.35;60;291;423;589;700;804;915;1021;1164;1291;1587;27.28;36.67;0.05;0.46;0;0.79;8.11;34.94;3.12;46.15;0
13300007000;1762;"Krinsvatn";206.611;206.61;-999;18.4;-999;87;225;266;297;324;348;369;390;415;455;627;22.87;-999;0.35;8.98;0;1.07;20.19;0;7.56;57.01;0
18900003000;2060;"Tennevikvatn";85.41;85.41;24.14;30.29;29.5;40;129;161;202;249;315;394;517;621;740;1298;12.91;24.26;0.43;4.16;0;3.26;39.21;0.04;8.51;43.3;0
7600010000;1344;"Myklemyr";575.82;575.82;26.84;39.78;21.32;89;519;819;1056;1211;1323;1414;1491;1566;1666;2081;40.53;53.69;0.83;0.07;0;0.19;13.2;31.06;3.16;47.37;0.05
15100007000;1820;"Kapskarmo";474.06;474.06;5.43;0;5.72;135;275;320;365;413;480;558;638;725;840;1234;33.11;37.11;0.08;4.98;0;1.69;34.52;0.59;9.95;39.34;0.03
7600011000;1345;"Vigdøla";45.45;45.45;56.5;30.81;49.23;643;921;1034;1146;1240;1324;1396;1453;1516;1586;1740;14.69;14.02;0.11;1.03;0;0.41;5.87;19.82;2.88;69.61;0
10300003000;1534;"Stuguflåten";377.02;377.02;31.72;18.42;36.6;520;662;878;1093;1237;1322;1401;1477;1534;1609;2012;24.24;28.84;1.96;0.72;0;0.34;19.22;2.44;3.22;70.71;0.04
16200003000;1932;"Skarsvatn";145.39;145.39;15.6;0;14.62;162;287;373;431;475;520;556;576;600;630;831;18.32;29.78;1.04;6.03;0;0.76;44.13;0;6.16;35.27;0.04
1500053000;589;"Borgåi";94.07;94.07;-999;19.06;-999;770;882;920;956;989;1011;1047;1090;1137;1176;1310;15.93;-999;0.26;11.26;0;0.41;46.68;0;4.26;29.01;0
20800002000;2125;"Oksfjordvatn";265.79;265.6;-999;35.32;-999;8;129;282;408;493;548;613;689;802;968;1335;27.66;-999;0.34;0.87;0;2.16;21.36;0.66;4.46;66.4;0.01
17800001000;2048;"Langvatn";18.41;18.41;74.38;52.76;64.59;27;41;86;154;249;356;409;476;572;687;1091;5.89;6.94;0.54;4.56;0;6.29;31.88;0;8.42;50.08;0
12100022000;1639;"Syrstad";2278.127;2278.13;-999;15.91;-999;140;534;630;710;797;866;925;980;1038;1117;1640;76.05;-999;2.63;16.24;0;0.05;31.43;0;2.33;40.51;0.05
20800001000;2124;"Moskudal";2253.93;2267.26;4.77;15.88;4.31;18;444;501;556;623;678;725;772;824;898;1361;85.32;108.74;0.17;3.7;0;0.03;16.58;0;2.64;71.9;0
17300008000;2016;"Coarveij";34.636;62.83;13.94;0;20.16;908;930;949;967;988;1021;1074;1139;1225;1329;1579;9.85;13.3;0;0;0;13.63;0;4.22;13.97;81.66;0
15600021000;1871;"Lille Umvatn";8.743;86.95;0;0;18.9;623;634;654;690;740;795;845;887;935;1012;1280;10.58;13.57;0;0.98;0;6.46;0.85;0;2.09;3.68;0
24600008000;2213;"Vaggatem";187.07;244.96;2.93;0;3.95;68;115;121;130;137;146;158;172;184;200;327;26.38;31.91;0;8.25;0;3.48;76.22;0;13.55;0.07;0
16100007000;1918;"Tollåga";225.05;225.05;15.15;18.85;14.73;374;561;637;666;716;795;871;922;980;1035;1411;27.84;45.32;0.09;2.84;0;0.01;12.09;0.11;2.05;71.87;0
21200007000;2145;"Lille Mattisvatn";319.02;319.02;22.23;16.28;20.63;64;335;450;506;551;599;631;656;688;734;937;30.24;32.09;0.25;1.82;0;0.42;14.47;0;5.45;76.65;0
200634000;2261;"Lena";182.6;182.6;17.07;0;16.19;223;314;359;384;411;431;464;518;570;611;757;22.63;28.9;34.69;9.3;0;0.03;50.5;0;1.35;0;0.6
8700010000;2280;"Gloppenelv v/Bergheim";217.12;217.12;-999;0;-999;138;331;568;757;906;1045;1157;1274;1405;1558;1823;23.88;-999;3.15;0.26;0;0.26;16.16;19.17;1.15;51.27;0
9000001000;2283;"Førdeelv";2.99;2.99;141.22;0;142.75;45;109;141;179;222;263;293;318;342;379;501;2.68;2.11;0;1.34;0;0;0.33;0;0;48.83;0
10200001000;2284;"Hildreelv";14.25;14.25;34.31;0;29.93;38;154;218;251;285;317;362;415;500;618;785;6.03;7.15;0.84;0.91;0;1.99;25.82;0;6.18;29.33;0
200633000;2281;"Stortorp";87.13;87.13;5.12;0;6.42;111;120;138;151;163;178;189;201;213;227;323;13.21;16.68;4.12;5.39;0;0.42;86.26;0;3.72;0;0.03
19700010000;2286;"Ersfjordelva";18.63;18.63;35.39;0;47.97;91;143;161;193;260;371;453;538;612;711;1006;5.77;8.55;0;7.46;0;0.98;14.98;0;3.7;63.39;0.11
21200026000;2289;"Suohpatjohka";592.898;604.39;1.4;0;2.38;0;364;372;379;387;396;405;419;438;463;609;36.61;75.17;0.05;21.83;0;1.04;55.27;0;11.13;8.32;0
21200027000;2290;"Eibyelva v/Hammeren";622.51;624.18;4.54;0;7.02;105;385;421;450;470;488;505;528;564;613;782;40.65;52.9;0;6.15;0;0.54;22.22;0;7.2;55.13;0
4500004000;2300;"Seimsfoss i Guddalselv";36.38;36.38;-999;0;-999;19;240;428;583;675;782;872;955;1025;1100;1419;13.58;-999;2.25;0.22;0;1.08;18.42;2.69;5.47;53.16;0
2700042000;2309;"Slevelandsåna";5.42;5.42;-999;0;-999;51;73;78;86;96;108;121;133;143;158;227;4.15;-999;10.15;1.85;0;0.34;35.06;0;1.29;20.48;0
13900013000;2325;"Grongstadvatn";471.61;471.61;-999;0;-999;13;79;148;178;212;254;305;364;454;567;814;31.75;-999;3.27;10.87;0;2.5;44.58;0;8.19;26.21;0.05
17400011000;2336;"Taraldsvikelv";2.84;2.84;239.94;0;262.96;292;473;556;617;677;752;825;888;961;1042;1262;2.62;2.29;0;0.35;0;0;15.14;0;0.35;82.75;0
1500174000;2385;"Istreelva vannstand";25.58;25.58;2.59;0;3.38;10;21;25;30;34;36;39;44;52;65;113;6.36;10.82;49.41;1.21;0;0.03;44.21;0;0.47;0;1.84
16100018000;2328;"Vm Selfoss Bru";788.34;788.34;7.71;0;16.05;10;308;456;559;631;697;795;893;984;1079;1626;39.27;51.34;0.89;2.03;0;0.02;26.18;6.34;1.92;57.36;0.01
16500013000;2329;"Nye Strandå";24.06;24.06;13.83;0;33.52;15;20;34;55;115;179;244;306;392;520;932;7.06;10.41;0.21;10.35;0;1.95;30.76;0;3.57;22.11;0
15100065000;2445;"Stor-Svenningvatnet";189.59;189.59;0;0;0;184;284;310;325;355;386;432;489;562;650;1190;25.26;0;0.19;9.04;0;8.98;44.15;0;17.13;19.48;0.07
200323000;201;"Fura";42.47;42.47;29.44;7.33;30.62;349;427;477;517;550;575;598;622;652;690;758;10.21;12.41;1.39;14.96;0;0;79.99;0;0.05;0;0.16
200457000;163;"Fossum Bru";1136.62;1136.62;8.09;20.21;11.2;422;762;844;913;981;1049;1111;1186;1275;1432;2169;58.2;91.52;0.52;5.34;0;0.19;34.48;0;1.1;53.51;0
200479000;283;"Li Bru";156.81;156.81;19.01;31.64;23.15;753;973;1056;1150;1233;1293;1371;1459;1547;1668;2165;21.53;29.75;0.24;2.17;0;0.01;9.39;0;1;80.64;0
15100016000;1828;"Eiteråfoss";139.83;139.83;24.6;0;26.33;159;253;352;437;515;582;657;731;814;907;1244;22.45;28.56;0.14;1.85;0;0.03;18.01;2.08;1.05;71.24;0.01
10400023000;1560;"Vistdal";66.52;66.52;58.78;44.64;64.76;46;254;454;575;655;737;792;860;946;1070;1516;11.43;14.47;2.06;4.12;0;0.16;31.93;0;2.27;55.23;0
200032000;43;"Atnasjø";463.2;463.2;9.6;28.08;12.48;701;804;924;1022;1119;1205;1274;1360;1469;1595;2169;33.95;59.76;0.43;2.48;0;1.09;20.11;0;1.8;68.73;0
3500016000;1003;"Djupadalsvatn";45.34;45.34;38.79;25.65;35.23;338;386;456;522;589;626;681;736;787;894;1128;13.2;20.22;0;3.79;0;3.54;33.08;0;10;46.1;0
2700024000;939;"Helleland";184.72;184.72;15.16;35.71;16.98;86;184;215;315;401;489;543;592;636;683;904;27.36;34.56;4.08;1.12;0;1.15;22.62;0;8.35;48.35;0.03
7200007000;1241;"Vassbygdvatn";758.77;758.77;34.74;28.31;27.38;54;1058;1258;1350;1412;1441;1467;1498;1532;1575;1764;35.98;51.71;0.08;0.12;0;0.81;5.5;2.28;11.2;79.16;0.02
200291000;177;"Tora";262.27;262.27;27.24;20.56;29.31;717;1224;1337;1389;1444;1485;1516;1556;1615;1704;2006;20.79;28.38;0.01;0;0;0.39;0.07;5.4;6.23;87.42;0
16100006000;1917;"Staupåga";18.47;18.47;67.12;36.44;93.03;220;758;832;916;976;1039;1093;1149;1218;1266;1428;6.82;8.27;0;0.05;0;0.21;2;7.96;1.03;85.44;0
31100460000;2242;"Engeren";390.731;394.83;-999;0;-999;472;583;705;770;810;837;874;907;948;1008;1207;26.19;-999;0.94;15.62;0;2.99;47.44;0;4.07;28.24;0.04
21200013000;2151;"Kautokeino";1665.275;1742.1;2.43;12.29;2.47;0;369;381;397;416;437;448;466;489;516;660;44.32;91.26;0.05;23.76;0;0.19;49.88;0;7.99;11.78;0.03
15300001000;1836;"Storvatn";48;48;39.63;38.8;39.26;51;73;194;319;462;516;581;656;734;734;991;13.7;15.11;0;0.33;0;8.09;9.63;0;12.8;64.41;0
1600075000;645;"Tannsvatn";118.28;118.28;12.79;19.71;14.77;697;737;794;835;871;905;923;955;1012;1072;1287;14.61;20.12;1.56;19.48;0;4.59;53.16;0;6.69;16.4;0.12
600010000;343;"Gryta";7.03;7.03;45.25;21.04;43.68;165;234;263;283;294;300;310;327;346;366;435;3.41;4.86;0;1.56;0;0.41;94.47;0;2.84;0;0
8200004000;1396;"Nautsundvatn";218.959;218.96;-999;34.4;-999;45;153;256;326;397;464;530;577;620;676;904;22;-999;1.51;1.23;0;2.17;39.5;0;7.53;40.28;0
200284000;172;"Sælatunga";454.83;454.83;24.64;19.63;22.98;423;902;1076;1184;1288;1370;1437;1530;1611;1688;1880;34.39;45.61;1.06;1.08;0;0.08;8.77;0.12;1.64;83.68;0.02
8300002000;1401;"Viksvatn";508.13;508.13;14.16;39.41;19.34;143;302;482;625;731;842;935;1021;1119;1261;1635;44.09;56.29;1.83;1.06;0;3.43;22.52;4.93;9.53;57.3;0
19100002000;2065;"Øvrevatn";524.859;526.02;130.45;55.79;126.98;8;137;233;340;449;564;680;786;886;1044;1503;36.82;2.04;2.02;2.54;0;0.6;35.22;0.55;2.75;52.3;0.01
2600020000;899;"Årdal";77.25;77.25;23.37;35.58;32.05;113;245;340;402;449;478;505;534;568;602;748;13.08;17.69;2.16;2.24;0;2.27;38.08;0;8.98;24.64;0
1200099000;446;"Skålfoss";5126.71;5126.71;-999;21.39;-999;111;486;730;860;949;1017;1091;1177;1289;1463;1930;152.17;-999;1.8;6.79;0;1.05;40.25;0.78;6.38;39.59;0.18
200265000;158;"Unsetåa";618.36;618.36;12.45;15.52;12.43;338;569;736;834;893;926;957;1000;1051;1106;1433;39.65;58.95;1.07;7.72;0;0.09;40.52;0;1.01;46.55;0
16700002000;1973;"Sørfjordvatn";102.879;109.31;21.6;25.55;28.07;82;326;446;539;622;622;649;688;756;836;1324;18.54;27.84;0;0.24;0;7.88;7.36;0.3;21.22;59.81;0
17300022000;2022;"Gamnes";642.171;797.59;15.3;0;16.51;42;684;787;862;926;982;1044;1119;1208;1325;1880;36.44;55.05;0.02;0.35;0;0.33;2.47;6.11;7.98;81.63;0
1500021000;567;"Jondalselv";125.9;125.9;-999;17.65;-999;229;351;416;477;527;574;636;692;724;753;920;19.05;-999;1.29;5.01;0;0.25;77.12;0;3.37;9.45;0.02
15500002000;1838;"Tustervatn";1353.98;1504.35;5.36;0;7.07;381;384;427;510;586;653;724;799;881;994;1906;43.61;47.26;0.45;3.42;0;14.71;27.11;1.46;18.11;41.99;0
15600023000;1873;"Søndre Bjøllåsvatn";157.67;157.67;19.31;0;19.86;624;706;750;826;895;951;995;1057;1105;1185;1737;16.11;29.35;0;0.38;0;5.35;0;0.23;10.81;88.25;0
8500002000;1433;"Blåmannsvatn";225.63;225.63;-999;32.24;-999;43;123;165;254;346;429;497;559;632;721;1117;25.96;-999;1.21;3.08;0;5.06;36.62;0;12.96;38.05;0
200331000;206;"Kauserud";91.2;91.2;2.94;7.16;6.34;130;155;161;166;172;177;183;200;209;223;345;18.23;22.83;41.54;3.17;0;0;53.65;0;0.13;0;0.89
2600029000;908;"Refsvatn";52.95;52.95;18.38;38.24;20.38;35;174;223;240;266;297;329;355;387;428;545;12.99;16.67;1.59;1.08;0;1;22.7;0;9.3;58.68;0
12500002000;1723;"Fossing";163.371;163.37;-999;18.92;-999;68;96;137;185;229;282;317;352;396;451;618;20.16;-999;8.29;12.52;0;7.67;63.23;0;10.93;1.62;0.07
24600009000;2214;"Sametielv";254.18;255.69;3.51;0;3.82;43;69;95;103;119;131;145;158;174;196;292;23.36;39.54;0;16.77;0;1.94;51.33;0;13.8;13.27;0
2200022000;846;"Søgne";203.58;203.58;6.54;24.21;7.13;6;57;108;144;173;198;224;250;278;311;485;29.63;50.35;4.99;5.99;0;0.09;81.51;0;3.88;0.11;1
200028000;40;"Aulestad";866.25;866.25;10.61;16.22;11.34;199;500;658;750;812;850;884;918;961;1026;1513;49.03;66.75;6.46;13.62;0;0.04;57.95;0;2.42;7.85;0.12
1600189000;698;"Bjørntjønn";34.62;34.62;10.48;23.86;17.38;526;651;673;694;717;734;744;763;794;849;1021;8.33;12.42;0.29;5.53;0;1.46;87.94;0;4.98;0.49;0
15500027000;1855;"Lendingosen";133.42;159.03;9.11;0;10.54;413;495;538;571;612;654;704;746;803;887;1375;24.97;28.84;0.31;3.46;0;4.3;42.44;0.26;7.72;19.67;0
15500013000;1847;"Elvestad";122.029;193.72;13.12;0;15.98;460;597;678;752;786;815;846;883;922;982;1375;24.98;34.03;0.12;0.84;0;5.12;14.3;0.05;9.28;59.85;0
1200178000;507;"Eggedal";309.77;309.77;-999;25.78;-999;170;394;561;689;777;846;908;960;1007;1071;1463;29.88;-999;1.62;7.74;0;0.58;59.54;0;3.14;21.57;0.03
20600003000;2121;"Manndalen Bru";200.48;200.48;30.6;36.73;30.53;20;237;508;699;849;933;976;1019;1072;1135;1316;25.58;33.9;2.14;0.27;0;0.04;14.98;0;2.27;77.28;0
15600018000;1868;"Blerek";78.41;78.41;5.56;0;10.43;675;689;717;743;777;839;914;984;1040;1149;1456;9.48;14.86;0;0.77;0;3.15;0;1.47;6.64;90.61;0
2500024000;879;"Gjuvvatn";96.82;96.82;15.78;24.27;20.48;950;1020;1041;1074;1106;1139;1175;1219;1271;1314;1431;12.7;20.61;0;0.19;0;6.96;0;0;16.4;83.31;0
1900073000;747;"Kilåi Bru";64.373;64.37;21.58;21.95;26.68;273;576;596;621;644;667;697;733;759;795;924;11.02;18.76;0;5.16;0;2.38;55.55;0;9.26;13.78;0
2600064000;920;"Rekedalselv";10.11;10.11;3.41;34.05;15.72;107;140;161;176;189;205;221;237;253;266;311;4.63;5.49;1.19;2.27;0;1.4;37.88;0;7.02;47.58;0
31100006000;2230;"Nybergsund";4089.358;4424.85;2.35;0;2.4;353;645;671;709;752;781;819;862;915;997;1748;142.63;207.68;0.83;10.08;0;2.48;43.24;0;9.85;26.69;0.06
200142000;95;"Knappom";1288.281;1646;3.8;8.42;4.77;170;269;311;342;378;411;446;479;510;556;807;65.17;116.82;2.2;15.93;0;0.1;72.75;0;1.84;0;0.05
800006000;368;"Sæternbekken";6.23;6.23;62.59;0;60.36;102;173;197;208;221;240;259;280;318;381;420;4.16;4.86;2.41;3.37;0;0.01;93.26;0;0.16;0;0.48
21200002000;2140;"Stengelsen";6280.66;6357.49;2.13;14.9;2.25;0;364;387;410;432;448;469;491;521;582;1085;138;222.87;0.07;15.73;0;0.37;35.35;0;7.2;32.59;0.02
16300009000;1942;"Russånes";925.128;1040.23;14.69;0;17.17;47;463;613;687;756;847;946;1024;1103;1203;1741;41.84;54.48;0.25;0.92;0;0.02;18.7;0.67;1.84;68.75;0.02
16600001000;1965;"Lakshola";211.729;230.79;18.89;28.56;24.95;11;300;344;407;451;500;554;617;707;882;1325;19.41;27.18;0;0.24;0;1.83;14.08;1.2;12.43;48.75;0
2400008000;860;"Møska";121.41;121.41;14.61;29.33;17.98;8;221;260;288;308;325;343;369;400;454;613;19.54;30.49;0.97;3.08;0;1.71;76.92;0;9.04;8.44;0
8300012000;1402;"Haukedalsvatn";205.55;205.55;24.07;41.79;28.55;297;378;563;704;836;937;1034;1133;1255;1387;1635;25.9;32.96;1.48;1.23;0;5.26;16.27;11.34;9.08;56.52;0
10900042000;1585;"Elvehøy Bru";2437.41;2437.41;9.31;0;12.59;34;660;857;1016;1129;1217;1291;1362;1443;1555;2283;65.77;126.43;1.86;1.78;0;0.07;17.65;0.79;2.88;69.56;0.16
7200005000;1239;"Brekke bru";268.16;268.16;30.69;36.62;32.33;16;808;1007;1125;1211;1273;1327;1381;1444;1508;1761;30.45;48.69;0.29;0.46;0;0.74;11.27;3.07;4.18;77.15;0
8300006000;1405;"Byttevatn";104.54;104.54;193.7;38.44;203.83;485;692;773;893;954;1014;1075;1123;1183;1254;1502;11.31;0.4;0;0.71;0;1.66;6.66;1.66;10.38;79.98;0
200463000;270;"Vismunda";190.65;190.65;18.02;12.07;17.51;188;466;562;630;661;689;716;740;788;850;1066;32.22;40.33;3.18;18.49;0;0.03;73.9;0;1.6;0.72;0
4600009000;1081;"Fønnerdalsvatn";7.01;7.01;313.53;40.83;238.05;590;859;1094;1174;1287;1371;1423;1470;1521;1560;1621;4.97;2.27;0;0;0;1.82;2;47.36;3.99;46.65;0
20700001000;2123;"Fagertun";15.48;15.48;46.67;48.64;68.25;19;104;168;225;257;302;357;422;511;609;903;5.21;5.81;0;6.14;0;0.05;3.04;0;0.58;72.55;0
16100009000;1920;"Gråtåga";115.68;115.68;31.59;36.42;33.89;164;481;641;731;801;881;962;1032;1104;1187;1625;20.11;23.7;0.11;0.06;0;0.03;12.77;22.37;0.54;61.87;0
13900035000;1796;"Trangen";852.39;852.39;5.99;0;9.23;138;384;429;485;525;558;596;640;697;780;1384;74.68;92.45;0.46;13.56;0;2.09;42.11;0;9.34;29.23;0.01
30700014000;2224;"Saksvatn";64.03;64.03;17.38;18.24;24.27;464;504;535;560;582;610;640;686;748;806;1006;8.64;15.5;0;17.8;0;2.69;20.22;0;5.15;38.67;0
15100021000;1833;"Joibakken";2060.363;2623.11;6.43;0;6.97;59;382;496;595;653;713;770;839;912;1029;1692;103.57;117.59;0.39;5.2;0;0.38;38.95;0.57;5.15;39.38;0.02
201036000;323;"Hæra v/Løkkeborg";132.84;132.84;1.38;0;6.46;127;138;153;160;169;178;189;201;217;236;329;18.17;27.09;21.29;2.77;0;0.32;70.64;0;3.09;0;0.15
1800010000;718;"Gjerstad";236.23;236.23;-999;23.43;-999;50;148;197;237;274;313;346;380;415;473;657;21.15;-999;1.4;4.87;0;0.19;81.76;0;3.45;2.9;0.07
10300001000;1532;"Storhølen";435.51;435.51;14.43;28.48;21.69;489;895;1068;1169;1234;1301;1359;1421;1496;1592;1990;25.37;31.24;0.2;1;0;0.17;10.5;3.1;3.92;80.1;0
1200137000;475;"Gjærdeslåtten";774.58;774.58;-999;25.16;-999;567;838;1033;1122;1188;1261;1330;1403;1489;1574;1828;43.39;-999;1.73;4.12;0;0.58;16.24;0;5.02;69.53;0.1
8600001000;1440;"Risevatn";32.57;32.57;-999;50.57;-999;24;79;306;498;639;733;797;865;940;1045;1350;7.36;-999;0;0;0;6.81;19.62;0.28;8.87;67.98;0
2000003000;777;"Flaksvatn";1780.66;1780.66;7.06;22.36;6.72;19;197;229;261;300;354;434;520;616;741;1146;96.69;129.69;0.76;7.85;0;0.6;74.44;0;7.64;5.92;0.07
14800001000;1807;"Strompdal";192.78;192.78;168.01;30.33;187.76;73;303;434;510;595;660;715;762;814;888;1234;16.42;2.01;0.01;0.17;0;0.65;1.61;1.34;7.15;78.18;0
15000001000;1811;"Sørra";6.58;6.58;11.44;11.4;10.48;35;49;52;56;62;69;73;77;85;100;165;2.48;3.15;31.97;16.36;0;0;37.42;0;0.45;0;1.06
1900104000;767;"Songedalsåi";65.516;65.52;18.61;20.98;14.72;555;633;690;736;759;777;800;829;861;903;1175;11.91;15.69;0.12;8.44;0;1.23;72.21;0;3.72;12.27;0
12200011000;1661;"Eggafoss";654.24;654.24;14.47;28.58;15.05;285;623;717;775;811;844;878;918;964;1021;1284;32.97;45.43;2.11;12.57;0;0.15;24.55;0;2.84;43.96;0.04
19700004000;2096;"Storelv";6.979;6.98;106.97;31.13;110.45;6;145;228;271;331;409;475;517;579;637;768;5.51;5.42;0.14;4.44;0;0;9.6;0;0;82.66;0
15100012000;1824;"Østre Fiskelausvatn";16.89;15.41;48.79;0;54.87;430;431;446;463;479;499;522;540;558;583;709;4.98;2.13;0.39;21.03;0;8.47;64.18;0;10.64;1.3;0
800002000;365;"Bjørnegårdsvingen";190.19;190.19;19.52;20.24;19.12;5;121;197;262;308;341;372;399;436;493;680;25.32;24.72;6.06;2.9;0;0.07;82.97;0;1.72;0;3.97
12200017000;1666;"Hugdal Bru";546.17;546.17;21.07;0;22.2;130;443;503;543;583;623;664;718;816;933;1256;0;44.99;5.99;16.7;0;0.01;53.59;0;1;20.69;0.06
16300008000;1941;"Lønselv";337.523;344.7;11.99;0;19.95;415;681;754;838;915;969;1018;1068;1124;1200;1528;21.64;28.69;0;0.75;0;0.01;7.73;1.14;0.89;84.7;0.01
12800009000;1739;"Leksdalsvatn";177.22;177.22;11.18;14.51;12.02;67;70;97;138;183;235;295;335;373;425;566;15.86;33;10.1;14.67;0;12.38;52.47;0;13.4;0;0
16300005000;1938;"Junkerdalselv";314.051;421.98;25.87;0;24.54;117;486;620;691;752;834;943;1042;1139;1234;1695;29.78;40.4;0.39;0.68;0;0.02;18.29;0.55;2.08;66.89;0
21000001000;2135;"Øvrefoss";169.961;169.96;-999;21.96;-999;86;253;400;462;540;597;634;660;696;765;989;19.79;-999;0.24;0.85;0;0.23;11.58;0;5.63;78.9;0.01
20000004000;2101;"Skogsfjordvatn";136.01;136.01;27.48;26.84;21.06;19;20;84;139;195;243;280;353;450;574;1047;17.28;20.42;0.42;1.29;0;10.12;21.25;0;14.8;49.73;0
5500004000;1136;"Røykenes";50.09;50.09;27.55;43.36;43.81;53;78;127;189;257;307;363;452;552;665;960;15.92;18.5;0.46;0.76;0;2.24;52.16;0;3.9;31.66;0.22
12300031000;1691;"Kjelstad";142.225;145;15.18;18.33;20.62;200;381;453;506;537;576;619;679;741;837;1166;21.48;33.3;0.52;14.75;0;0.12;43.02;0;2.23;35.1;0.01
16700003000;1974;"Kobbvatn";387.14;387.14;21.29;33.35;20.88;8;231;384;535;621;680;733;799;882;994;1511;24.08;42.09;0.04;0.56;0;2.79;15.62;2.29;13.89;63.28;0.01
200122000;81;"Skarnes";19878.962;20300.47;1.4;12.52;1.61;128;278;381;493;622;721;801;881;971;1104;2170;295.05;458.22;3.29;9.9;0;0.07;57.16;0;2.92;20.45;0.18
1200150000;485;"Buvatn";24.79;24.79;-999;11.24;-999;840;860;877;902;912;933;962;986;1004;1023;1085;6.15;-999;0.12;14.56;0;4.72;72.21;0;12.34;0.04;0
7500023000;1326;"Krokenelv";45.92;45.92;79.09;38.13;83.55;17;706;940;1029;1106;1148;1188;1227;1265;1306;1467;12.39;14.65;0.02;0.3;0;0.05;16.2;0;0.98;78.22;0
18500001000;2055;"Gåslandsvatn";7.7;7.7;5.54;11.29;7.01;16;16;16;22;29;34;37;40;48;58;171;4.6;5.6;2.37;33.55;0;19.68;27.37;0;22.1;0.26;0
6300012000;1187;"Fjellanger";12.83;12.83;70.94;38.97;68.51;403;690;783;848;884;913;949;982;1023;1070;1205;7.24;8.53;0.7;0.39;0;0.89;5.69;0;4.52;86.05;0
6200005000;1163;"Bulken";1092.04;1092.04;17.45;31.52;18.93;47;332;511;652;767;867;967;1058;1147;1253;1602;46.51;70.77;3.37;2.06;0;0.89;32.42;0.39;3.54;53.98;0.36
17300003000;2011;"Sørelv Bru";263.67;371.68;87.22;0;82.16;70;692;840;882;934;968;1009;1060;1129;1233;1675;34.29;8.33;0.01;0.07;0;0.91;1.58;1.7;11.62;83.71;0
7700003000;1353;"Sogndalsvatn";110.93;110.93;330.94;49.06;297.84;395;492;655;784;896;1000;1093;1196;1284;1400;1600;14.75;1.51;1.32;1.33;0;2.3;20.2;6.18;4.11;58.59;0
14400006000;1804;"Saglivatn";31.48;31.48;13.44;30.75;15.58;51;73;113;152;180;213;249;294;342;406;556;9.01;11.71;0;2.35;0;7.56;51.35;0;11.5;23.05;0
200061000;50;"Orva";25.44;25.44;11.7;10.78;21.92;701;791;806;816;827;839;853;868;889;917;1026;9.74;12.08;0.12;9.43;0;6.37;36.64;0;12.93;14.82;0
18900002000;2059;"Øyvatn";47.42;47.42;31.49;34.73;39.29;142;214;280;342;396;502;563;644;719;816;1298;9.58;15.41;0.02;3.08;0;3.44;19.93;0.06;9.22;65.54;0
200451000;263;"Nordre Osa";447.09;447.09;6.02;11.01;5.86;457;578;617;664;702;733;767;799;842;903;1201;36.71;47.69;0.2;16.64;0;0.04;53.22;0;1.09;18.6;0
200611000;308;"Storsjøen ndf. -Øra";2337.11;2337.11;4.08;15.07;6.01;249;404;572;664;712;765;820;874;931;1014;1743;107.43;135.35;1.27;9.89;0;2.1;58.09;0;3.32;23.39;0.04
10900035000;1584;"Håkådalselv";23.62;23.62;72.22;0;63.76;905;1082;1205;1271;1317;1340;1384;1451;1524;1612;1866;8.03;7.53;0;0.21;0;2.72;0;0.89;7.11;90.35;0
20400001000;2106;"Solli";365.83;414.94;16.46;28.8;15.22;40;457;547;620;685;744;806;868;940;1061;1584;31.9;50.71;0.24;0.48;0;0.12;13.48;0.24;3.13;77.75;0
5500005000;1137;"Dyrdalsvatn";3.31;3.31;78.96;39.66;85.8;436;450;472;493;533;581;624;658;699;749;802;2.16;0.47;0;2.72;0;4.09;0;0;3.93;93.35;0
15100009000;1821;"Unkervatn";221.798;765;4.74;6.07;10.56;320;537;609;643;689;731;772;823;883;974;1328;68.83;82.76;0.09;5.99;0;3.58;34.91;0;9.84;33.94;0
6200018000;1175;"Svartavatn";72.35;72.35;32.29;40.83;33.37;219;399;514;594;675;754;821;877;932;984;1109;14.3;21.51;0.58;0.18;0;0.32;21.66;0;3.07;65.46;0
11100005000;1590;"Talgøyfoss";150.47;150.47;30.2;38.5;38.08;92;494;704;788;859;917;969;1031;1097;1190;1620;19.11;25.39;0.23;0.86;0;0.51;11.98;0;4.92;79.76;0
2600021000;900;"Sandvatn";27.5;27.5;17.88;25.02;14.41;306;345;384;428;443;470;493;517;544;571;647;6.27;14.13;1.38;8.8;0;2.44;44.51;0;10.04;34.87;0
20300002000;2103;"Jægervatn";92.48;92.48;30.36;0;29.59;3;20;66;109;169;263;386;518;702;956;1533;13.67;18.18;0.29;5.92;0;7.79;29.67;7.39;9.91;43.88;0
9600003000;1502;"Hareidselv";40.37;40.37;35.22;23;31.85;18;23;36;69;121;183;245;288;347;418;661;8.36;9.12;6.94;1.49;0;5.44;34.06;0;10.65;17.88;0.67
10500001000;1561;"Øren";137.59;137.59;9.71;19.98;20.63;7;71;106;148;184;235;282;329;381;473;795;18.13;23.07;3.35;15.93;0;4.73;57.4;0;8.19;9.59;0.02
16100003000;1914;"Arstadfossen";198.8;198.8;22.27;36.29;28.58;24;363;545;625;673;737;803;898;1002;1117;1392;22.5;28.61;0.06;0.41;0;0.73;12.96;11.24;7.02;64.09;0.02
1200171000;502;"Hølervatn";79.75;79.75;-999;11.58;-999;780;819;830;842;867;902;936;970;1017;1060;1203;14.21;-999;0.26;17.96;0;2.3;57.12;0;6.56;9.32;0.01
15600015000;1865;"Forsbakk";56.04;56.04;44.36;35.13;60.43;49;231;287;330;374;445;512;581;682;872;1194;9.96;14.47;0.04;2.69;0;0.03;24.71;0;1.87;58.15;0
200267000;159;"Mistra Bru";549.86;549.86;8.95;11.45;10.71;320;670;700;730;770;807;842;883;932;1006;1743;38.08;62.41;0.03;17.08;0;0.05;48.42;0;0.89;28.05;0.01
1900096000;763;"Storgama ovf.";0.523;0.52;25.07;20.23;26.07;581;590;598;606;607;610;615;623;633;645;680;1.12;0.95;0;1.92;0;4.71;23.08;0;11.54;61.54;0
8600012000;1450;"Skjerdalselv";23.66;23.66;88.47;52.84;97.11;291;417;620;781;915;1042;1117;1170;1229;1328;1465;6.81;5.79;0;0.32;0;0.99;14.76;16.91;3.75;58.85;0
1200008000;387;"Grønvold Bru";933.48;933.48;-999;14.18;-999;343;704;791;834;878;925;969;1010;1056;1129;1521;56.53;-999;1.32;17.99;0;0.72;47.89;0;4.16;19.32;0.02
600071000;354;"Sinnerdammen";7.63;7.63;-999;0;-999;482;507;521;533;545;558;571;584;598;616;660;3.92;-999;0;4.46;0;1.89;91.35;0;4.06;0;0
24600001000;2208;"Bjørnvatn";987.21;18109.95;-999;0;-999;20;119;136;159;181;210;249;281;310;349;625;246.67;-999;0.42;10.64;0;5.52;57.86;0;10.85;0.8;0.12
4200016000;1072;"Fjellhaugen";7.22;7.22;57.76;40.83;91.13;387;538;590;629;665;685;709;733;757;802;961;3.87;4.92;0;2.91;0;1.08;6.65;0;6.79;75.21;0
10400001000;1546;"Lille Eikesdalsvatn";801.44;801.44;21.68;24.94;23.88;139;863;999;1133;1205;1267;1326;1389;1464;1602;1960;42.37;62.11;0.1;0.52;0;2.94;3.31;0.99;7.51;79.96;0.02
8300007000;1406;"Grønengstølsvatn";65.65;65.65;36.85;41.3;49.48;520;762;892;983;1085;1184;1277;1357;1434;1505;1635;10.57;14.51;0;0.43;0;2.16;3.21;31.23;4.95;58.78;0
7500022000;1325;"Gilja";203.43;203.43;44.54;31.69;50.79;99;921;1126;1211;1280;1364;1435;1494;1554;1622;2012;21.95;27.75;0;0.13;0;0.2;5.51;13.78;3.2;75.96;0
7500028000;1331;"Feigumfoss";48.036;48.04;47.33;32.56;59.32;478;977;1111;1186;1243;1294;1335;1372;1408;1452;1594;12.43;17.04;0;0;0;1.31;2.08;0;4.17;87.52;0
6400006000;1193;"Solrenningsvatn";53.37;53.37;33.08;34.1;49.79;596;652;759;821;887;950;1019;1081;1141;1205;1329;10.39;11.45;0;2.25;0;2.68;7.2;0;6.24;83.66;0
16300007000;1940;"Kjemåvatn";36.48;36.48;31.88;19.52;33.43;626;636;723;790;874;935;975;1044;1094;1221;1501;10.25;13.32;0;1.21;0;7.14;4.88;0.41;7.48;82.73;0
2700015000;931;"Austrumdal";60.85;60.85;20.6;39;20.99;309;435;546;596;629;659;680;704;739;788;933;16.04;24.14;0.26;1.18;0;5.48;11.36;0;13.18;66.92;0
6100013000;2273;"Haukåselva";7.39;7.39;6.37;0;10.72;41;57;68;75;91;108;134;159;198;251;470;3.9;5.03;8.25;2.84;0;0.36;39.65;0;2.71;11.23;4.6
7700020000;2274;"Henjaelvi ved Flotande";48.141;48.14;59.84;0;49.82;355;691;774;828;867;922;1011;1083;1201;1347;1564;8.33;10.03;0;1.31;0;0.51;16.2;7.26;5.09;65.16;0
8800030000;1471;"Oldevatn";203.1;203.1;213.64;49.17;265.51;33;168;530;862;1106;1305;1444;1560;1645;1742;1953;21.13;0.51;1.66;0;0;3.33;17.57;40.25;4.21;32.84;0
8900001000;1484;"Hornindalsvatn";381.68;381.68;4.61;34.4;-34.6;53;53;164;282;377;480;600;707;814;968;1510;35.97;0.29;3.41;3.65;0;13.37;40.77;0.46;14.84;32.51;0.06
200607000;86;"Vålåsjø";125.44;125.44;23.3;14.27;26.78;936;953;976;1016;1068;1121;1185;1252;1318;1464;1708;14.4;23.63;0.07;10.83;0;1.11;14.92;0;2;55.72;0
8400015000;1425;"Jølstervatn ndf.";384.46;384.46;6.14;41.92;30.34;200;207;362;523;638;748;852;961;1086;1278;1648;34.11;40.17;3.02;1.8;0;10.22;21.96;6.8;11.49;46.63;0.06
2400009000;861;"Tingvatn";272.16;272.16;12.2;27.31;14.8;185;318;426;486;540;588;623;660;707;767;964;30.26;42.95;1.15;6.13;0;3.12;37.08;0;9.51;36.52;0.03
200439000;255;"Kvarstadseter";377.09;377.09;8.96;8.79;11.19;669;759;816;850;884;912;935;962;991;1032;1191;32.89;37.82;0.28;29.57;0;0.05;40.35;0;2.41;16.73;0
20900002000;2128;"Baddern";137.243;137.24;-999;19.36;-999;7;427;497;538;570;604;631;664;698;740;911;22.51;-999;0;1.16;0;0.52;4.78;0;5.97;87.03;0
21300002000;2160;"Leirbotnvatn";135.466;135.47;17.81;16.84;19.82;161;308;380;415;437;457;484;514;543;572;716;15.24;24.38;0;2.2;0;1.09;12.88;0;5.6;76.55;0
6200010000;1167;"Myrkdalsvatn";158.28;158.28;38.7;30.95;36.11;229;505;677;818;915;975;1035;1090;1158;1235;1431;18.04;27.22;1.76;2.82;0;1.12;14.39;0;3.68;72.3;0
200132000;89;"Lomnessjø";1165.17;1165.17;9.08;16.58;9.33;256;437;592;703;767;825;880;927;978;1064;1651;63.15;87.32;2.17;8.15;0;0.35;53.12;0;1.34;31.24;0.06
15900003000;1893;"Engabrevatn";53.33;53.33;633.67;24.59;524;8;428;782;979;1082;1168;1220;1266;1329;1371;1576;10.52;1.53;0;0;0;2.25;4.11;74.7;2.25;15.99;0.08
17700004000;2047;"Sneisvatn";29.25;29.25;21.91;0;18.6;18;88;138;191;235;302;387;457;556;624;970;7.28;9.68;0;1.71;0;2.27;19.97;0;10.05;54.5;0
17100002000;1996;"Fordalsvatn";43.82;43.82;56.31;29.51;43.91;153;350;525;572;636;682;728;771;822;913;1190;9.05;12.12;0;0.18;0;3.05;6.64;0;9.17;77.98;0
8400007000;1417;"Sægrova";7.14;7.14;-999;36.9;-999;237;732;881;1008;1115;1154;1209;1319;1467;1554;1610;4.6;-999;0.14;0.28;0;1.18;9.35;28.75;3.85;57.22;0
7800008000;1363;"Bøyumselv";40.425;40.42;89.06;47.38;146.64;40;206;456;759;1010;1224;1357;1487;1578;1619;1731;11.08;6.53;0.25;0.35;0;0.16;19.27;42.95;0.3;30.5;0
200145000;97;"Losna";11212.84;11212.84;3.25;17.92;4.77;179;707;870;966;1052;1139;1243;1356;1477;1641;2463;178.16;229.68;2.48;3.41;0;0.19;25.28;3;3.89;56.54;0.1
16600013000;1972;"Vallvatn";53.04;53.04;48.96;19.06;49.09;31;37;40;46;60;97;168;278;390;459;813;8.74;11.28;11.45;13.95;0;2.71;48.8;0;4.21;8.61;0.02
23700002000;2201;"Lillefossen";77.2;77.2;26.08;0;27.02;20;149;188;214;237;262;283;306;336;414;494;10.51;14.88;0;0.18;0;0.21;0.63;0;2.22;94.59;0.01
17100004000;1998;"Stabburselv";61.83;67.34;61.39;29.48;69.4;15;421;575;632;694;762;787;840;907;1031;1371;11.38;16.64;0;0.15;0;1.72;5.12;0.16;10.68;78.38;0
200415000;242;"Espedalsvatn";95.19;95.19;20.99;21.97;24.37;721;755;853;924;995;1055;1098;1134;1176;1226;1449;12.39;14.62;0.61;4.63;0;4.83;40.98;0;7.87;40.5;0.01
10900009000;1573;"Risefoss";745.38;745.38;15.14;21.72;20.22;556;1026;1141;1230;1290;1347;1400;1462;1529;1617;2283;37.32;53.11;0.19;1.22;0;0.03;6.79;0.9;1.87;83.98;0.1
200013000;30;"Sjodalsvatn";479.97;479.97;10.95;4.97;11.09;940;1014;1168;1320;1391;1462;1541;1643;1752;1892;2362;36.07;50.56;0;1.02;0;4.19;5.25;9.04;9.26;71.48;0
14800002000;1808;"Mevatnet";108.47;108.47;1.62;29.3;3.08;15;37;56;92;121;158;208;265;329;410;783;14.13;21.4;1.37;2.15;0;4.02;59.91;0;9.52;17.4;0
1600127000;679;"Viertjern";46.8;46.8;20.61;13.97;20.26;1104;1173;1196;1211;1233;1258;1268;1285;1303;1334;1450;9.17;12.29;0;1.97;0;1.74;0;0;9.83;88.18;0
19600005000;2076;"Insetvatn";1274.13;1388.44;1.65;0;5.89;301;495;540;600;661;736;825;895;978;1104;1656;65.67;104.37;0.01;3.99;0;6.23;14.98;0.43;11.15;64.9;0
16300010000;1943;"Sauelv";127.06;127.06;27.52;0;42.81;60;398;486;575;648;711;795;920;1046;1165;1621;20.59;26.84;0.39;3.16;0;0.06;28.77;0.26;2.38;62.21;0
4200002000;1063;"Djupevad";31.9;31.9;61.79;43.06;56.69;88;205;282;348;435;526;652;747;841;924;1152;8.23;14.6;0;1.41;0;0.34;42.56;0;2.79;50.39;0
15200004000;1835;"Fustvatn";525.69;525.69;91.84;26.21;105.33;39;83;175;256;346;436;509;591;685;811;1530;25.2;0.16;1.53;4.83;0;2.75;37.45;0.54;5.89;37.21;0.01
31100004000;2228;"Femundsenden";1462.642;1794.03;7.06;0;6.54;652;662;691;732;761;782;809;846;890;956;1455;69.77;2.45;0.41;7.48;0;11.81;32.45;0;18.46;27.04;0
12300029000;1689;"Svarttjørnbekken";3.042;3.42;25.4;20.91;44.57;280;304;316;327;332;340;350;365;385;415;512;2.52;3.73;0;15.5;0;0.85;81.58;0;2.92;0;0
10900029000;1580;"Dalavatn";85.44;85.44;25.5;0;22.93;440;742;856;1007;1110;1178;1255;1309;1373;1477;1808;12.91;14.43;0;2.18;0;0.37;12;0.83;4.73;73.3;0
21300004000;2162;"Kvalsund";124.8;124.8;21.52;22.61;22.54;19;152;235;279;316;355;401;456;508;555;707;13.85;20.01;0.01;0.65;0;1.04;0.67;0;6.63;84.58;0.05
21200010000;2148;"Masi";5543.98;5620.81;1.31;14.53;1.67;0;370;390;413;434;450;471;494;525;595;1085;92.42;154.3;0.05;16.97;0;0.28;35.4;0;7.16;31.06;0.01
1200215000;529;"Storeskar";119.43;119.43;-999;25.5;-999;895;1006;1118;1206;1279;1346;1399;1456;1510;1587;1814;18.64;-999;0.24;4.04;0;0.34;5.94;0;3.54;80.91;0
1200113000;455;"Kråkefjord ndf.";702.16;702.16;-999;22.23;-999;103;228;354;427;495;597;703;788;892;1001;1463;46.05;-999;2.45;8.17;0;1.21;69.37;0;4.39;10.71;0.06
30800001000;2225;"Lenglingen";449.979;449.98;-999;0;-999;354;415;507;555;596;625;658;694;733;792;1387;28.52;-999;0.5;22.05;0;4.13;39.25;0;8.07;24.83;0
22900002000;2174;"Nedre Friarfjordvatn";128.22;128.22;7.66;0;11.33;18;177;207;207;229;253;277;305;336;374;509;18.85;34.99;0;1.02;0;8.59;7.38;0;22.1;52.72;0
200129000;87;"Dølplass";2014.27;2014.27;186.47;0;190.27;529;838;929;987;1041;1099;1157;1220;1289;1386;1851;67.62;1.23;1.61;6.13;0;0.08;25.12;0.01;1.48;55.98;0.07
1900080000;752;"Stigvassåi";14.49;14.49;11.9;21.83;31.5;148;187;208;225;241;263;283;304;325;356;429;6;7.11;1.22;4.37;0;0.24;91.4;0;1.79;0;0
1600010000;612;"Omnefoss";807.71;807.71;19.16;27.98;22.82;61;414;612;718;796;852;909;965;1029;1135;1870;40.53;57.95;1.64;4.9;0;0.21;60.19;0;6.06;18.79;0.01
15100020000;1832;"Fosstun";588.83;588.83;5.15;0;5.17;92;251;311;362;415;483;565;648;742;864;1288;44.33;49.76;0.2;4.75;0;1.1;38.44;0.58;8.12;38.23;0.03
200279000;168;"Kråkfoss";432.35;432.35;8.24;15.52;9.3;105;180;204;313;388;445;494;533;567;622;803;40.82;67.41;11.2;4.89;0;0.41;75.75;0;4.05;0.04;1.03
8700002000;1468;"Eidsfoss";614.33;614.33;-999;46.04;-999;14;213;380;567;730;869;998;1124;1279;1483;1823;37.21;-999;3.87;1.28;0;3.63;23.11;12.68;5.49;46.06;0.1
15600024000;1874;"Bogvatn";36.21;36.21;24.24;0;76.83;660;665;735;814;904;985;1036;1091;1156;1223;1556;8.96;8.47;0;0;0;8.88;0;19.97;9.39;70.64;0
19600035000;2094;"Malangsfoss";3005.63;3110.65;7.48;0;5.69;23;215;397;547;647;713;782;859;950;1084;1714;80.7;109.47;0.67;2.06;0;0.24;24.31;0.73;3.78;64.17;0.02
15100017000;1829;"Fiplingvatn";264.68;264.68;1.22;0;12.8;355;369;435;533;641;748;843;919;1021;1159;1665;23.54;29.53;0.3;3.37;0;5.27;23.13;0.77;10.02;55.34;0.01
2600005000;886;"Dorgefoss";808.53;808.53;6.61;27.02;9.28;463;685;764;824;877;906;948;998;1058;1139;1420;51.64;74.85;0.27;0.79;0;1.81;8.17;0;12.97;75.23;0.02
7600005000;1339;"Nigardsjøen";65.291;65.29;-999;28.4;-999;285;810;1172;1388;1474;1546;1605;1661;1703;1771;1946;11.08;-999;0;0;0;0.77;1.27;74.9;0.81;18.92;0
23400002000;2181;"Jiesjokka";460.53;460.53;-999;0;-999;380;390;391;401;413;425;437;451;474;514;1020;31.19;-999;0;4.86;0;14.65;3.92;0;22.69;53.14;0
10400022000;1559;"Midtre Mardalsvatn";13.68;13.68;55.66;32.16;47.76;880;914;932;980;1053;1132;1188;1233;1278;1352;1575;5.92;6.81;0;0;0;4.15;0;9.5;10.23;80.26;0
200275000;166;"Liavatn";211.26;211.26;19.24;31.49;30.5;733;905;1060;1215;1323;1397;1460;1515;1576;1688;2080;20.18;28.09;0.07;0.3;0;1.33;10.64;14.24;5;68.33;0
3500002000;992;"Hauge Bru";393.88;393.88;24.21;30.25;21.26;23;605;732;852;995;1055;1099;1148;1180;1229;1597;39.18;56.1;0.1;0.58;0;0.78;10.12;0;17.66;70.28;0.08
24200001000;2205;"Fuglevatn";39.97;39.97;13.28;22.88;11.81;186;205;238;258;273;288;304;321;338;360;409;12.88;15.16;0;0.05;0;7.28;2.43;0;13.91;81.79;0
2700016000;932;"Bjordal";123.81;123.81;-999;37.51;-999;212;519;603;650;688;719;743;769;798;829;965;16.51;-999;0.06;1.34;0;0.31;9.09;0;9.04;73.05;0
16300002000;1935;"Russånes";1038.545;1153.65;14.77;0;16.98;42;452;586;665;727;801;908;999;1084;1193;1741;42.69;55.42;0.23;1.37;0;0.02;19.65;0.61;2;67.24;0.02
7300004000;1259;"Sælthun";789.96;789.96;21.8;28.56;21.95;188;956;1135;1228;1287;1335;1378;1424;1479;1563;1917;32.38;59.13;0.36;0.72;0;0.22;10.85;0.26;6.71;78.23;0.01
3600013000;1014;"Grimsvatn";34.54;34.54;24.57;39.06;51.59;563;663;708;747;784;833;900;995;1065;1194;1535;7.63;8.19;0;0.69;0;1.29;5.56;0;3.16;87.61;0
22400001000;2168;"Skoganvarre";942.31;942.31;6.78;0;9.36;69;221;273;300;319;345;382;433;483;554;1043;31.62;67.69;0.01;6.47;0;0.98;41.75;0;6.13;40.76;0
30700005000;2219;"Murusjø";298.05;345.62;5.23;13.06;8.19;310;327;378;431;483;528;578;619;685;808;1267;28.82;40.01;0.75;13.39;0;5.53;53.7;0;8.9;17.12;0
4800001000;1094;"Sandvenvatn";470.22;470.22;34.99;35.74;31.31;87;575;727;866;985;1090;1177;1253;1328;1429;1651;26.4;42.32;0.41;0.89;0;1.21;21.44;7.39;6.52;59.63;0.06
23100001000;2178;"Sandfjordelv";76.79;76.79;9.45;0;9.04;49;152;185;197;212;225;236;248;258;274;325;21.1;24.28;0;6.32;0;0.51;0;0;8.41;84.65;0
13900015000;1780;"Bjørnstad";1036.201;1037.62;8.54;0;9.25;225;451;500;567;631;700;764;836;918;1016;1675;42.95;84;0.08;5.66;0;2.85;19.25;0.14;9.79;55.57;0
20500003000;2113;"Skibotn Bru";655.08;727.22;12.39;20.17;14.13;8;405;557;673;746;819;869;923;986;1062;1463;52.15;69.61;0.01;0.59;0;0.33;13.77;0.17;5.28;65.12;0.03
1800011000;719;"Tjellingtjernbekk";1.95;1.95;-999;22.04;74;223;254;281;317;354;377;393;412;441;458;499;2.4;1.67;0;0;0;1.53;51.28;0;0;0;0
3600011000;1012;"Stråpa";1304;1304;10.32;35.26;15.7;69;499;744;875;985;1065;1143;1222;1305;1414;1686;68.9;87.35;0.31;0.38;0;2.63;16.33;0.54;8.82;69.94;0
15500005000;1840;"Lille Målvatn";238.819;274.38;13.18;0;15.71;333;523;595;608;676;754;830;891;973;1127;1906;29.12;40.26;0.01;1.52;0;11.5;15.36;5.54;12.64;43.92;0.01
8100001000;1393;"Hersvikvatn";7.13;7.13;118.73;28.57;92.35;21;24;24;35;41;51;64;96;209;300;448;5.09;3.47;0;1.55;0;19.37;10.59;0;20.06;12.57;0
1200013000;392;"Rysna";50.76;50.76;63.82;27.09;54.72;614;877;1038;1134;1255;1372;1442;1520;1577;1618;1772;11.93;15.9;1.97;0;0;0.87;5.91;0;3.94;76.83;0
200015000;32;"Breiddalsvatn ndf.";127.62;127.62;6.59;26.95;17.93;877;925;987;1024;1089;1160;1249;1333;1403;1471;1853;20.92;23.46;0;0.74;0;6.02;1.92;0.88;11;85.27;0
15700003000;1887;"Vassvatn";16.33;16.33;117.29;48.96;128.58;108;161;192;244;348;471;532;615;704;826;1160;3.84;4.46;0.61;0.24;0;6.14;29.09;0;10.96;57.2;0
2900007000;958;"Gramstaddalen";0.995;1;232.93;32.9;91.73;96;162;174;179;187;200;212;212;238;261;341;0;0.8;0;6.52;0;0;69.57;0;0;22.83;0
23400018000;2194;"Polmak nye";9645.4;14161.4;1;0;1.61;10;235;275;300;324;347;370;392;417;452;1064;218.84;310.75;0.21;11.59;0;0.03;52.48;0;4.1;19.66;0.08
13900025000;1789;"Skjellbreivatn";546.35;546.35;12.21;0;14.9;353;409;464;507;538;563;599;640;699;801;1384;34.16;42.91;0.64;15.12;0;4.68;48.32;0;12.44;19.6;0.01
16300006000;1939;"Jordbrufjell";69.91;69.91;14.17;0;22.27;434;496;532;583;617;664;703;737;778;840;1013;14.69;21.64;0;6.01;0;1.38;18.72;0;4.69;62.71;0
200616000;313;"Sagstua";48.38;48.38;10.19;11.03;15.94;171;311;340;357;365;376;389;401;420;443;510;10.35;18.07;0.15;11.31;0;1.15;85.14;0;3.1;0;0
3700027000;1051;"Breiborgvatn";12.43;12.43;115.74;38.61;126.07;663;714;752;803;869;972;1048;1131;1231;1314;1534;5.02;6.32;0;0;0;2.81;1.93;0;7.24;90.83;0
17400009000;2032;"Nygård";150.11;150.18;17.52;0;30.37;3;300;351;395;444;485;525;562;620;728;1399;17.8;25.94;0.07;2.36;0;0.24;22.96;0.87;10.36;53.65;0
3200006000;978;"Liarvatn";55.85;55.85;44.57;33.72;83.03;300;417;470;517;558;601;620;652;688;726;849;11.11;3.14;0;0.7;0;4.2;27.45;0;14.13;53.59;0
11100010000;1594;"Nauståa";24.79;24.79;54.37;41.44;80.21;217;615;754;840;907;943;988;1043;1113;1216;1373;8.12;9.44;0;0.89;0;0.32;5.32;0;2.94;85.11;0
1200097000;444;"Bergheim";4248.54;4248.54;-999;20.82;-999;152;700;850;940;1002;1071;1139;1225;1338;1500;1930;106.81;-999;1.73;7.06;0;0.29;34.63;0.94;6.39;44.73;0.19
300022000;330;"Høgfoss";299.29;299.29;3.34;0;3.29;47;94;110;122;138;153;169;184;202;227;347;34.29;62.66;20.02;1.19;0;0.56;71.73;0;2.39;0;1.43
1200209000;526;"Urula";542.89;542.89;-999;19.36;-999;221;527;603;679;763;840;897;949;1004;1060;1279;35.28;-999;1.04;5.47;0;0.38;66.23;0;4.5;20.67;0.01
12100020000;1630;"Åmot";282.36;282.36;12.64;22.7;18.04;205;286;336;377;418;460;509;552;627;746;1226;23.55;40.41;3.35;14.74;0;0.69;59.29;0;4.92;13.97;0.03
17300001000;2009;"Kjårdaelv";62.013;71.03;55;0;57.14;6;538;612;685;730;783;866;952;1023;1114;1482;12.61;15.66;0.06;0;0;2.31;5.8;4.25;7.91;80.47;0
9800004000;1513;"Øye ndf.";138.78;138.78;50.11;57.58;56.66;147;428;607;765;877;982;1085;1183;1281;1408;1848;15.1;20.69;2.24;0.36;0;0.26;17.59;3.79;4.2;64.86;0
22300001000;2166;"Stabburselv";1067.33;1067.33;4.72;11.28;6.42;13;300;359;388;414;441;475;518;567;648;1136;56.99;90.33;0;3.21;0;0.08;10.11;0;3.58;78.35;0
1200207000;524;"Vinde-elv";269.34;269.34;-999;12.87;-999;566;848;880;911;939;981;1014;1041;1080;1149;1676;20.51;-999;1.1;14.49;0;1.25;31.06;0;7.34;25.01;0.02
2200016000;840;"Myglevatn ndf.";182.2;182.2;6.23;20.51;11.26;252;336;371;399;424;447;471;499;525;571;741;23.75;37.55;0.39;12.07;0;1.53;63.59;0;5.5;10.98;0
14400001000;1800;"Åbjørvatn";388.95;388.95;12.72;25.92;14.38;14;285;437;525;577;625;666;708;747;801;1083;29.42;47.28;0;0.63;0;1.91;6.87;0.03;8.51;75.87;0
12200009000;1660;"Gaulfoss";3086.41;3086.41;6.96;0;7.87;54;436;534;598;663;735;813;878;945;1019;1325;87.09;116.79;2.66;14.53;0;0.01;36.72;0;2.05;35.8;0.08
200280000;169;"Kringlerdal";265.44;265.44;10.22;15.44;11.31;175;312;394;441;482;519;546;571;605;655;807;28.68;49.79;2.82;6.48;0;1.06;83.85;0;5.55;0.06;0.26
15600004000;1858;"Nevernes";1733.08;1904.14;11.39;0;13.75;65;472;631;695;753;813;883;956;1032;1122;1737;59.23;68.01;0.25;1.08;0;0.05;15.37;1;2.63;75.57;0.14
6800002000;1213;"Havelandselv";21.004;21;63.09;46.29;68.89;1;116;184;281;390;465;514;549;582;617;720;4.76;7.14;2.62;0.05;0;0.84;20.19;0;4.33;50.38;0
200465000;272;"Flagstadelva";173.13;173.13;21.98;7.69;18.5;128;205;255;340;459;529;587;616;642;671;819;24.23;29.26;14.91;20.21;0;0.04;58.62;0;0.4;0;1.23
2100047000;822;"Lislefjødd";19.01;19.01;37.65;16.24;48.06;890;1046;1070;1089;1106;1127;1159;1220;1288;1345;1432;7.76;10.38;0;12.41;0;0.05;5.05;0;2.21;79.8;0
22000001000;2164;"Hamnevatn";53.58;53.58;31.06;15.67;27.98;23;123;193;236;261;280;301;326;358;393;455;10.59;14.08;0;0.11;0;1.58;2.02;0;6.66;84.62;0
22800002000;2172;"Kunes";678.22;678.22;12.06;11.62;10.48;39;174;241;305;371;484;536;573;609;656;1002;42.92;48.88;0;0.72;0;0.12;6.52;0;3.28;80.44;0
6200014000;1171;"Slondalsvatn";41.86;41.86;43.99;34.49;51.22;752;959;1088;1124;1173;1211;1258;1305;1346;1435;1602;7.91;13.82;0;0.14;0;2.72;1.53;1.89;9.51;83.76;0
7400001000;1285;"Årdalsvatn";978.68;978.68;29.81;38.13;26.57;3;823;1054;1120;1203;1281;1346;1404;1475;1604;2385;43.75;53.67;0.04;0.41;0;1.48;11.28;3.84;7.94;73.8;0.15
12400013000;1712;"Feren";219.99;219.99;70.21;14.47;70.32;401;401;449;498;539;584;615;648;711;804;1246;12.31;0.21;0.18;19.59;0;11.98;24.52;0;14.79;34.4;0
200011000;29;"Narsjø";119.132;119.13;68.79;12.29;64.49;737;777;824;879;915;939;968;1004;1052;1106;1593;17.89;0.78;0.41;11.73;0;1.65;23.86;0;3.12;48.13;0
15100015000;1827;"Nervoll";634.767;653.36;8.23;0;7.86;345;599;678;730;774;827;874;917;986;1083;1692;31.49;67.55;0;4.95;0;0.17;25.86;1.6;2.16;55.51;0
2500030000;863;"Stegemoen";1147.61;1147.61;7.46;25.69;8.94;123;386;557;698;785;847;896;936;1015;1106;1431;98.44;138.79;0.57;2.1;0;1.91;15.3;0;13.3;65.16;0.01
1200212000;527;"Hangstjern";11.13;11.13;-999;17.56;-999;586;666;721;754;778;796;810;837;864;914;1047;4.4;-999;0;14.47;0;0.68;77.45;0;2.34;4.76;0
6200015000;1172;"Kinne";511.44;511.44;21.72;31.21;24.96;95;551;719;826;925;1011;1084;1153;1231;1323;1602;36.45;52.12;0.94;2.05;0;0.05;27.24;0.48;2.84;63.03;0.1
1900063000;742;"Finndøla";387.87;387.87;11.44;24.72;19.42;293;614;699;745;789;836;878;915;968;1038;1280;29.34;48.71;0.22;4.74;0;1.67;57.4;0;11.47;24.27;0
200036000;45;"Øvre Heimdalsvatn";24.91;24.91;37.09;19.72;47.85;1088;1114;1164;1229;1279;1311;1335;1367;1426;1585;1841;5.88;8.27;0;0.88;0;3.13;2.61;0;4.3;92.33;0
22900001000;2173;"Adamsfjordfoss";710.57;710.57;5.97;0;5.72;41;213;249;278;302;326;349;381;440;540;796;35.95;63.85;0;2.35;0;0.53;6.12;0;9.18;79.3;0
15000003000;1813;"Tormodsvoll";6.473;6.47;31.3;54.94;75.93;17;68;143;239;340;450;525;596;680;758;1011;3.75;3.66;1.24;0;0;0.28;13.14;0;1.55;64.61;0
1600066000;643;"Grosettjern";6.6;6.6;43.95;18.15;30.84;939;952;965;979;991;1005;1017;1025;1037;1058;1058;2.46;3.52;0;20.22;0;3.06;66.82;0;7.1;2.47;0
11100009000;1593;"Søya";137.63;137.63;-999;39.25;-999;28;148;289;410;509;577;633;702;787;911;1420;18.1;-999;2.83;6.11;0;0.02;35.95;0;0.93;37.2;0
14200001000;1799;"Aunvatn";87.29;87.29;49.04;64.4;41.86;20;204;363;473;559;625;679;722;768;824;925;14;19.74;0;0.3;0;1.66;9.71;0;5.7;73.36;0
7300001000;1256;"Lo Bru";562.39;562.39;25.35;26.88;22.82;409;977;1137;1223;1278;1324;1358;1402;1450;1521;1917;26.28;47.19;0.41;1;0;0.42;9.37;0.3;7.81;77.98;0
8400030000;1431;"Lunde";34.373;34.37;114.57;38.32;155.31;259;911;1008;1125;1125;1305;1357;1421;1501;1589;1648;6.17;7.33;0;0;0;0.89;1.28;46.01;5;43.28;0
10300040000;1535;"Rauma v/Horgheim";1099.42;1099.42;22.69;28.72;19.42;61;671;886;1050;1159;1241;1322;1397;1482;1571;2012;51.4;75.21;1.12;1.09;0;0.08;16.97;2.19;3.81;72.76;0.02
15500011000;1845;"Stemtjern";11.34;11.34;37.17;0;32;456;460;469;479;492;512;532;550;581;634;740;5.11;7.71;0.53;21.08;0;4.65;63.93;0;6.53;0;0
16600003000;1966;"Andkilvatn";244.344;249.24;30.81;27.88;27.94;3;317;671;701;792;843;899;949;1005;1084;1418;23.85;40.46;0.02;0.54;0;5.37;7.8;7.64;14.57;66;0
5500007000;1138;"Eikelandsosen";42.72;42.72;40.66;32.11;46.09;48;83;178;320;443;512;572;635;713;785;971;9.8;17.81;2.86;0.8;0;6.17;27.67;0;12.94;49.27;0.02
200025000;39;"Lalm";3982.39;3982.39;5.49;24.01;7.05;355;781;975;1115;1226;1326;1411;1499;1597;1732;2462;109.29;130.59;1.4;0.63;0;0.42;14.37;6.23;3.75;69.76;0.06
7100001000;1232;"Skjerping";267.79;267.79;40.56;40.76;48.12;60;564;718;814;894;969;1041;1114;1197;1292;1602;17.74;23.67;1.12;2.71;0;0.01;20;0.11;0.81;72.93;0.01
17200005000;2005;"Melkedal";92.15;92.15;24.96;27.77;27.36;55;97;172;254;322;412;485;545;643;766;1433;15.58;25.32;0.13;3.28;0;5.64;33.49;0.88;12.57;37.44;0.01
19600013000;2083;"Bardujord";68.5;68.5;34.82;97.67;42.76;99;423;527;612;697;779;861;943;1042;1179;1522;12.71;15.93;0;0.32;0;0;10.92;2.63;0.01;80.99;0
1200114000;456;"Garhammerfoss";492.53;492.53;-999;19.48;-999;131;213;256;320;389;446;507;570;639;797;1227;34.75;-999;2.39;3.27;0;0.28;82.42;0;3.38;6.67;0.19
2700025000;940;"Gjedlakleiv";635.15;635.15;13.59;36.96;13.5;49;185;269;342;433;527;613;673;726;788;1011;48.65;58.73;2.63;0.87;0;1.48;17.48;0;12.3;52.94;0.07
16700004000;1975;"Sjøfossen";73.82;73.82;19.31;33.23;33.05;4;111;189;273;316;359;419;508;600;714;1203;12.21;18.89;0.54;1.61;0;2.07;34.87;0;7;48.5;0
10100001000;1530;"Engsetvatn";39.93;39.93;20.41;24.75;49.18;45;46;64;92;122;159;208;278;361;443;741;11.37;12.13;5.53;1.85;0;10.98;60.41;0;11.14;11.22;0.05
16300018000;1944;"Lillevatn";97.94;97.8;49.22;0;41.01;10;331;511;618;687;741;792;862;919;995;1190;15.59;24.6;0.08;0.38;0;2.28;15.35;0.7;4.84;71.57;0
7300021000;1272;"Frostdalen";25.742;25.74;42.43;23.86;48.27;986;1096;1134;1187;1264;1323;1353;1387;1421;1459;1612;7.72;9.59;0;2.21;0;2.31;2.13;0;7.37;88.13;0
22500001000;2170;"Børselv";871.27;871.27;6.55;0;10.56;13;152;203;265;344;430;492;535;567;604;1001;42.48;73.89;0.04;2.53;0;0.01;15.06;0;3.09;73.73;0
20900003000;2129;"Kvænangselv Bru";310.664;310.66;-999;12.16;-999;10;390;557;590;606;615;625;642;670;716;910;33.57;-999;0;4.91;0;0.28;7.52;0;6.01;78.51;0
8800004000;1472;"Lovatn";234.88;234.88;5.1;0;65.29;52;211;614;930;1174;1337;1487;1592;1666;1744;2071;21.57;18.81;0.17;0.01;0;4.49;14.9;36.8;5.12;40.31;0
13800001000;1768;"Øyungen";239.07;239.07;11.61;0;17.46;103;179;207;234;264;294;337;388;438;500;682;21.33;29.05;0.15;18.75;0;1.44;39.6;0;6.13;26.57;0.01
16800002000;1987;"Mørsvik Bru";31.23;31.23;36.51;34.15;40.36;76;148;241;313;339;367;407;471;586;779;1094;6.93;10.09;0.03;3.97;0;4.28;52.39;0;9.35;28.53;0
21300003000;2161;"Skaidi";306.731;306.73;6.32;7.3;6.85;63;233;277;300;316;328;337;352;370;393;524;26.12;48.1;0;14.7;0;0.41;5.49;0;5.1;66.82;0
18100001000;2054;"Solbjørnvatn";17.749;17.75;0;49.25;7.73;80;81;83;89;132;166;209;270;354;439;843;5.67;5.69;0;0.85;0;28.22;1.41;0;29.89;61.48;0
9900017000;1527;"Rødøla";49.86;49.86;51.53;41.86;54.42;455;742;1043;1279;1319;1325;1361;1423;1499;1590;1850;15.86;19.97;0.12;0.68;0;15.8;10.81;1.58;14.46;70.46;0
3900001000;1054;"Tysvær";3.345;3.34;1.48;3.75;6.36;10;20;21;23;24;25;28;29;30;35;64;3.24;3.61;0.3;17.37;0;15.11;8.68;0;18.86;0;0
19600012000;2082;"Lundberg";241.74;246.53;12.84;89.62;23.03;93;345;553;682;779;868;954;1052;1158;1289;1564;24.71;28.66;0.57;0.41;0;0.01;16.36;2.15;0.6;76.95;0
17600001000;2043;"Myklebostad";17.79;17.79;69.31;29.58;67.53;5;22;107;176;262;357;389;425;534;692;1008;6.32;7.39;1.29;4.33;0;4.5;24.51;0;10.68;47.5;0
15100004000;1817;"Hatfjelldal";1265.621;1828.62;7.58;0;7.6;199;475;597;648;700;749;798;855;916;1019;1692;83.23;88.1;0.3;5.2;0;0.66;36.24;0.58;5.48;40.65;0.03
10000001000;1528;"Alstad";226.31;226.31;27.32;49.87;32.49;269;683;839;958;1038;1120;1191;1258;1348;1442;1755;20.4;27.98;0.29;0.46;0;0.18;9.78;4.22;5.26;77.74;0
1600140000;687;"Kvenna";822.26;822.26;3.53;16.21;8.43;937;1153;1197;1232;1260;1285;1310;1334;1362;1400;1620;48.7;61.56;0;3.44;0;0.99;0.96;0.04;9.67;85.08;0
1500049000;586;"Halledalsvatn";59.13;59.13;-999;12.55;-999;846;886;937;964;994;1028;1049;1066;1082;1101;1185;11.04;-999;0;5.33;0;3.81;61.35;0;5.38;19.62;0
2800007000;949;"Haugland";139.35;139.35;10.25;15.81;9.3;16;61;97;115;152;178;209;244;264;301;432;17.31;27.31;20.18;1.35;0;0.43;7.15;0;6.11;61.26;0.19
1900082000;753;"Rauåna";8.929;8.93;25.79;35.94;29.66;222;289;313;345;371;396;396;447;488;537;760;6.75;6.99;0.34;2.24;0;0;90.71;0;0.11;1.23;0
15600034000;1880;"Søndre Bjøllåvatn";157.26;157.26;139.66;0;137.65;632;706;752;827;896;952;996;1057;1105;1185;1737;14.62;1.62;0;0.38;0;5.38;0;0.24;10.84;88.23;0
1200286000;543;"Jaren ndf.";113.26;113.26;-999;17.08;-999;198;239;274;308;344;374;399;432;487;541;766;19.2;-999;36.5;1.22;0;1.21;44.46;0;2.33;0;2.55
2200004000;831;"Kjølemo";1757.7;1757.7;44.27;24.14;33.26;10;218;288;367;455;560;678;767;836;904;1160;102.17;6.42;1.28;6.15;0;0.38;47.14;0;7.88;33.02;0.04
4100001000;1055;"Stordalsvatn";130.61;130.61;34.92;0;36.93;51;89;251;441;583;681;764;864;931;1036;1294;23.07;29.44;3.11;1.05;0;6.68;24.81;0;10.6;57.52;0
15600005000;1859;"Reinfosshei";2989.059;3160.32;9.56;0;11.07;37;292;461;611;698;773;855;941;1032;1142;1737;66.84;85.1;0.4;1.21;0;0.14;17.71;7.14;3.35;63.94;0.19
15100003000;1816;"Hundålvatn";169.99;169.99;11.41;0;23.84;184;265;344;394;445;485;526;572;625;706;1161;21.4;26.18;0;1.14;0;5.06;13.07;0;10.14;69.54;0
16100001000;1912;"Ågnes";195.86;195.86;20.77;25.27;16.82;60;297;387;442;504;538;585;630;687;784;1186;22.33;32.1;0.02;0.83;0;34.1;11.64;1.92;10.74;58.06;0
200603000;304;"Glåmos bru";797.951;861.32;3.94;11.19;9.87;639;709;753;780;808;842;874;904;956;1055;1572;43.24;70.47;1.22;9.73;0;5.85;32.05;0;12.44;35.81;0.04
200614000;311;"Rosten";1833.91;1833.91;8.73;7.53;13.16;319;675;900;1027;1108;1186;1263;1340;1431;1545;2207;72.86;102.35;3.21;2.05;0;0.02;21.57;0.36;1.44;67.6;0.1
17100005000;1999;"Draugselv";100.38;105.58;14.62;25.74;25.75;55;518;563;609;658;708;754;808;860;941;1269;17.73;27;0;0.6;0;0.92;1.32;0;6.17;89.07;0
8000004000;1383;"Ullebøelv";8.31;8.31;59.66;37.31;70.14;335;519;580;610;634;661;695;732;771;805;886;5.65;5.88;0;0.12;0;1.21;9.99;0;3.37;78.94;0
3600032000;1032;"Lauvastøl";20.72;20.72;97.59;40.25;85.82;618;719;843;917;968;1044;1124;1193;1251;1295;1421;5.74;8.07;0;0.92;0;0.38;13.51;0;2.51;81.37;0
19000001000;2062;"Tjuvskjer";7.997;8;85.91;53.49;89.42;7;247;313;345;372;406;450;484;553;615;960;6.18;7.24;0;8.25;0;0.55;55;0;2.9;29;0
14000002000;1797;"Salsvatn";431.9;431.9;4.96;59;6.61;9;9;88;155;216;270;333;406;485;569;763;38.66;46.26;0.08;2.8;0;10.6;27.61;0;13.95;43.82;0
7400018000;1300;"Fornabu";53.127;53.13;61.65;26.37;64.07;401;693;838;941;1001;1054;1109;1160;1224;1280;1449;10.95;13.84;0.45;0.62;0;0.15;27.48;0;2.5;61.16;0
3500009000;997;"Osali";22.46;22.46;39.89;37.46;45.76;643;707;746;789;828;871;908;971;1039;1099;1345;5.73;11.07;0;1.33;0;4.92;5.88;0;12.3;80.44;0
4800005000;1098;"Reinsnosvatn";120.5;120.5;85.81;31.53;82.17;595;763;940;1060;1174;1232;1278;1325;1379;1442;1635;11.01;10.66;0.11;0.54;0;3.3;9.53;1;9.38;76.37;0
12700011000;1729;"Veravatn";97.514;176.13;11.4;6.37;15.17;361;400;441;466;495;518;548;583;638;733;1215;21.46;27.83;0.36;20.68;0;3.65;33.54;0;4.76;25.09;0.01
200235000;141;"Grimsmoen";627.05;627.05;5.74;15.47;12.52;690;832;920;961;1011;1065;1125;1187;1255;1366;1708;47.59;70.17;2.75;7.33;0;0.1;27.46;0;1.05;47.14;0.18
23400005000;2184;"Njalmigoaika";2247.25;2256.83;2.43;0;2.85;130;306;340;360;376;389;401;415;432;459;617;87.73;133.51;0.02;16.75;0;0.1;54.28;0;4.58;19.4;0
8800011000;1470;"Strynsvatn";482.04;482.04;33.84;0;32.7;29;195;548;795;987;1129;1250;1377;1497;1594;1933;33.46;41.68;1.46;0.04;0;4.83;14.71;17.54;6.24;53.74;0.02
200604000;305;"Elverum";15388.863;15451.76;1.89;0;2.05;180;466;606;695;757;817;877;943;1026;1155;2170;226.25;334.18;1.81;10.14;0;0.1;51.55;0;2.77;26.87;0.12
2500007000;869;"Refsti";202.68;202.68;8.8;31.29;12.88;27;151;195;223;253;290;321;348;381;426;596;26.73;33.52;2.79;4.34;0;1.88;76.16;0;9.8;4.97;0.01
21200048000;2156;"Sagafoss";233.67;233.67;12.89;11.94;12.26;21;160;278;350;385;416;443;474;504;530;633;32.59;41.79;1.36;4.51;0;0;27.58;0;5.21;51.17;0.17
20400006000;2109;"Kavlefoss";352.24;401.35;17.58;27.96;15.8;64;482;557;631;695;752;812;871;943;1064;1584;29.97;47.47;0.25;0.25;0;0.13;12.44;0.25;3.24;78.64;0
12400002000;1701;"Høggås Bru";494.72;494.72;7.45;15.46;12.46;98;378;402;434;469;505;547;597;648;750;1246;39.8;60.9;0.45;26.17;0;2.39;28.65;0;7.38;27.48;0
21200003000;2141;"Jotkajavrre";99.107;99.69;82.12;7.93;65.07;382;387;409;422;431;440;449;458;474;506;670;11.12;0.62;0;3.87;0;0;12.9;0;13.63;64.01;0
12600002000;1725;"Engstad";20.034;20.03;10.6;12.97;13.82;13;45;55;61;73;85;98;110;127;148;286;6.07;5.96;55.73;2.28;0;0;37.57;0;0;0;0.05
200464000;271;"Svartelva";459.03;459.03;9.24;6.91;9.25;138;191;220;241;267;300;334;391;474;546;758;29.2;47.89;20.48;6.54;0;0.19;67.97;0;1.31;0;0.87
8600010000;1448;"Åvatn";162.13;162.13;25.76;36.56;32.93;27;391;484;554;631;696;777;858;945;1077;1465;368.79;31.71;0.73;3.77;0;1.48;19.46;1.07;5.83;64.21;0.01
17400001000;2024;"Hundal";116.03;116.03;0;0;0;688;749;810;875;953;1044;1127;1212;1294;1388;1682;15.59;0;0;0.8;0;0.56;0;19.01;3.26;76.66;0
1600132000;682;"Gjuvå";33.1;33.1;34.56;19.75;47.01;459;789;871;953;1012;1084;1138;1170;1243;1324;1619;12.28;17.86;0.36;6.65;0;1.88;27.57;0;7.16;55.02;0
6100008000;1157;"Kaldåen";15.28;15.28;298.11;26.39;261.78;591;777;811;839;865;884;904;928;955;1001;1128;6.05;1.44;0;0;0;0.1;0;0;0;91.62;0
8500004000;1434;"Staumstad";109.68;109.68;-999;42.49;-999;6;124;274;388;499;586;650;720;822;1009;1383;14.88;-999;1.15;1.29;0;2.42;25.36;4.4;6.15;51.23;0.01
1500079000;602;"Orsjoren";1177.29;1177.29;3.38;9.29;4.89;951;1138;1169;1195;1216;1229;1244;1262;1288;1323;1537;60.25;97.89;0;4.61;0;0.04;1.56;0;12.9;79.67;0
12700006000;1727;"Grunnfoss";800.47;880.42;8.49;16.48;13.79;38;255;361;421;461;500;537;569;610;681;1215;47.1;70.38;1.04;12.15;0;0.3;36.47;0;4.18;37.91;0.01
5000001000;1109;"Hølen";232.73;232.73;21.25;25.43;29.39;123;1023;1153;1197;1230;1277;1324;1359;1390;1431;1686;27.94;45.05;0;0.32;0;1.99;1.84;0.34;8.33;88.15;0
1900079000;751;"Gravå";6.31;6.31;108.57;25.58;105.4;362;503;559;605;615;659;735;805;876;933;1063;4.53;5.57;3.8;4.6;0;0.03;69.41;0;0.32;17.27;0
200290000;176;"Brustuen";253.93;253.93;28.95;31.6;28.95;665;977;1131;1253;1347;1413;1465;1532;1625;1790;2192;24.72;33.44;0.84;0.35;0;0.54;7.02;9.32;4.19;73.02;0
17100003000;1997;"Vasja";39.44;39.44;21.12;38.78;36.81;87;431;470;530;590;636;685;733;795;890;1277;13.69;17.23;0;0.3;0;4.45;9.69;0;8.14;81.44;0
19600011000;2081;"Lille Rostavatn";538.51;638.38;524.79;0;530.88;102;338;570;647;686;740;798;867;946;1050;1586;46.86;1.87;0.22;1.9;0;3.64;12.91;0.44;7.14;70.77;0
11400001000;1614;"Myra";16.459;16.46;26.24;0;38.66;30;46;60;81;159;212;286;375;463;586;891;6.28;7.88;1.71;13.52;0;0.01;39.1;0;0.43;42.08;0
23400013000;2189;"Vækkava";2079.25;2079.25;-999;0;-999;178;349;377;390;400;414;426;440;457;484;1020;50.94;-999;0;10.67;0;0.87;31.71;0;10.53;37.48;0
15600017000;1867;"Virvatn";39.919;79.06;26.5;0;29.15;642;657;693;736;780;833;909;980;1027;1075;1250;11.12;17.11;0;1.85;0;3.18;1.91;0;3.9;92.13;0
15500006000;1846;"Sjøfoss";1730.479;1880.85;6.27;0;8.02;50;384;405;478;554;624;703;779;866;985;1906;64.47;82.9;0.77;3.68;0;9.81;30.72;1.61;15.81;40.24;0.01
18000001000;2052;"Grønlivatn";7.52;7.52;64.27;0;60.51;68;113;166;207;237;260;283;306;344;399;722;3.67;4.88;0;5.94;0;1.77;24.97;0;3.78;58.57;0
1900078000;750;"Grytå";19.31;19.31;21.46;23.14;29.75;625;662;707;752;774;789;814;837;865;896;1007;6.59;8.35;0;2.24;0;5.6;37.02;0;14.85;42.31;0
20500002000;2112;"Gardebor";149.629;219.78;9.7;9.85;14.14;456;567;641;692;734;782;832;876;935;999;1407;23.76;34.52;0;0.56;0;3.17;5.39;0;6.49;83.46;0
20600002000;2120;"Holm Bru";344.6;344.6;30.05;19.53;28.29;26;701;783;847;890;925;966;1004;1042;1083;1323;25.82;39.58;0.37;0.36;0;1.78;4.68;0;8.59;85.01;0.01
15100028000;1834;"Laksfors";3090.649;3653.4;6.08;0;6.24;40;331;424;518;598;660;724;793;877;993;1692;113.42;134.61;0.38;5.2;0;0.22;38.41;0.6;5.36;39.75;0.04
24400002000;2207;"Neiden";596.18;2947.19;1.7;0;2.56;32;117;142;170;197;212;230;250;270;295;440;87.54;141.27;0.02;19.01;0;0.64;58.96;0;12.43;7.88;0.11
18900001000;2058;"Skodbergvatn";107.31;107.31;27.24;32.55;31.92;101;111;162;216;264;318;413;533;671;827;1280;10.08;17.06;0.09;7.49;0;8.58;40.28;1;10.49;38.3;0
1200197000;516;"Grunke";184.46;184.46;-999;30.01;-999;870;993;1069;1150;1232;1305;1389;1481;1581;1686;1907;22.28;-999;0.05;2.48;0;0.26;10.89;0.18;1.68;78.01;0
200578000;284;"Imssjøen S.";157.97;157.97;24.08;19.09;20.42;616;816;910;956;993;1024;1056;1093;1133;1176;1347;16.81;20.9;0.25;5.32;0;0.29;38.76;0;1.2;49.66;0
1600051000;635;"Hagadrag";726.98;726.98;16.11;32.09;15.18;115;325;536;659;747;820;886;953;1031;1114;1536;53.94;72.44;2.15;3.85;0;2.44;60.65;0;5.95;21.24;0.11
16800001000;1986;"Storvatn";71.3;71.3;25.61;46.52;39.37;56;61;139;246;361;453;516;610;696;809;1170;11.05;14.05;0;0.74;0;9.41;20.62;0.42;12.92;56.3;0
3300010000;989;"Sandvatn";70.4;70.4;30.58;22.92;23.45;849;955;1003;1030;1058;1083;1108;1134;1157;1191;1269;11.76;9.59;0;0.03;0;1.9;0;0;12.32;87.67;0
8400019000;1428;"Sygnesandselva";10.32;10.32;223.45;53.78;194.58;218;644;873;1030;1112;1208;1303;1372;1475;1566;1634;4.7;4.3;0.19;0.29;0;0.01;5.81;30.52;0.19;59.88;0
1600194000;702;"Kilen";118.47;118.47;17.5;31.12;27.17;120;249;342;405;450;491;532;569;632;740;1070;15.52;27.06;0.61;1.51;0;0.85;81.08;0;4.85;9.26;0
15600022000;1872;"Ramnåga";68.32;68.32;28.23;0;33.48;74;263;308;370;426;470;525;581;650;745;1077;10.66;19.35;0.32;4.74;0;0.52;29.85;0;4.19;42.45;0
7900003000;1367;"Nessedalselv";30;30;72.03;45.9;79.43;289;431;574;693;760;820;886;949;1040;1129;1346;8.06;10.9;0;0;0;1.33;23.33;0;3.33;66.67;0
200001000;22;"Hådammen";38.068;38.07;15.43;7.41;13.34;449;473;492;517;546;566;596;627;654;679;744;10.48;16.41;0.85;26.97;0;0.81;70.05;0;1.2;0;0
15600003000;1857;"Store Akersvatn";129.765;129.76;2.34;0;21.58;522;523;523;523;540;569;609;669;753;863;1407;13.47;18.21;0;1.23;0;0.06;28.75;0;34.08;29.02;0
20800003000;2126;"Svartfossberget";1918.95;1932.29;5.57;13.85;4.62;90;464;510;562;622;673;717;760;806;873;1361;64.66;83.28;0.04;4.26;0;0.04;15.19;0;2.76;72.78;0
3800001000;1053;"Holmen";116.88;116.88;29.53;0;30.63;12;158;276;378;471;556;620;685;763;846;1185;18.81;32.99;4.99;1.39;0;1.56;30.45;0;7.95;43.44;0.03
23700001000;2200;"Båtsfjord";21.93;21.93;22;0;20.51;142;176;213;238;262;285;319;365;412;444;480;5.95;6.49;0;0;0;1.43;0;0;0;95.76;0
15600008000;1861;"Svartisdal";121.98;121.98;36.8;0;36.08;71;237;421;600;782;902;1010;1113;1208;1280;1578;14.83;20.4;0;0.1;0;3.86;6.04;45.85;6.31;32.15;0
15900004000;1894;"Koppskjærelv";2.289;2.29;88.91;40.71;130.88;74;204;290;320;348;367;389;419;448;480;545;2.85;3.36;0;1.75;0;0.12;76.42;0;0.44;19.21;0
19600007000;2077;"Fiskeløsvatn";54.419;54.42;12.69;22.94;11.96;158;158;161;190;228;273;318;402;546;713;1233;10.18;15.56;1.21;4.6;0;15.61;36.2;0;20.4;30.91;0
1200015000;393;"Strømstøa";4631.48;4631.48;-999;19.36;-999;150;432;594;714;821;875;935;998;1076;1278;1907;152.17;-999;2.98;8.57;0;1.17;50.77;0.01;6.94;22.74;0.09
21200049000;2157;"Halsnes";144.764;144.89;27.53;27.99;23.41;30;196;316;382;459;531;614;686;741;825;1146;20.5;25.47;0.12;1.19;0;0;12.77;0;3.52;73.9;0
2000002000;776;"Austenå";276.42;276.42;11.44;22.42;13.23;228;602;666;708;738;763;792;819;852;895;1146;41.58;52.78;0.07;5.59;0;1.61;61.87;0;11.9;20.28;0
15100006000;1819;"Fiplingkroken";309.03;309.03;0.64;0;11.24;355;374;442;548;659;765;860;938;1048;1187;1679;27.05;33.11;0.29;3.56;0;3.87;23.44;1.32;8.65;55.84;0.01
15600007000;1860;"Jordbru";255.134;340.16;3.71;0;11.44;399;564;624;656;704;762;820;884;953;1056;1469;27.21;42.43;0.01;3.53;0;0.46;12.18;0;11.62;71.25;0
20900001000;2127;"Njemenjaikafoss";172.372;172.37;-999;18.64;-999;67;488;534;564;602;635;669;707;745;800;1033;30.68;-999;0;1.33;0;1.94;2.71;0;7.26;86.85;0
15600009000;1862;"Krokstrand";621.259;792.69;19.45;0;19.13;248;632;682;726;771;818;875;936;1010;1094;1456;35.75;39;0.07;1.21;0;0.08;11.11;0.19;2.46;83.68;0
17100007000;2000;"Ravggajokka";69.765;74.96;9.15;26.93;13.29;375;571;620;665;710;749;798;839;893;968;1269;15.6;22.45;0;0.49;0;1.02;0.41;0;4.71;93.58;0
1900057000;737;"Underberg Bru";253.67;253.67;13.32;27.53;20.26;417;664;756;777;809;844;903;1056;1171;1282;1519;32.56;41.17;0.44;3.73;0;3.07;51.78;0;9.4;2.49;0.06
8800015000;1479;"Grasdøla";34.54;34.54;58.85;0;68.44;594;910;1055;1146;1186;1253;1323;1384;1443;1519;1663;8.23;11.24;0;0;0;2.14;3.43;8.31;7.26;79.29;0
24100001000;2203;"Bergeby";247.58;247.58;4.65;0;7.79;24;153;175;200;219;235;258;305;360;408;470;26.71;36.45;0.02;12.71;0;0.05;18.45;0;2.26;54.13;0
1200200000;518;"Kolbjørnshus";2064.45;2064.45;-999;15.73;-999;143;544;680;761;818;870;919;966;1014;1077;1681;71.64;-999;2.35;14.57;0;0.17;56.6;0;3.66;12.54;0.11
7300027000;1277;"Sula";30.32;30.32;22.68;18.13;35.11;1006;1240;1264;1296;1325;1349;1392;1426;1467;1521;1808;11.01;13.81;0;0.56;0;3.78;0.13;0.43;9.14;89.48;0
200592000;294;"Fokstua";26.37;26.37;52.2;21.73;54.28;990;1221;1290;1347;1403;1442;1474;1514;1559;1592;1708;8.75;10.7;0;0.11;0;-999;0.49;0;0;98.98;0
1600122000;677;"Grovåi";42.69;42.69;25.36;24.65;20.47;717;790;822;848;880;914;946;992;1048;1093;1199;12.05;18.53;0;11.64;0;0.27;59.79;0;3.1;21.85;0
12400015000;1714;"Børstad";48.46;48.46;16.96;20.32;21.07;13;72;92;106;127;156;182;211;249;307;438;10.48;15.33;26.89;6.52;0;0.17;59.8;0;2.06;0;0.25
17400003000;2026;"Øvstevatn";28.442;28.44;98.53;0;82.82;275;334;430;504;605;727;830;919;1009;1148;1541;6.65;7.69;0.53;2.81;0;0.9;23.66;6.08;1.62;54.29;0
13900020000;1784;"Moen";64.03;64.03;24;0;32.74;200;269;327;405;485;556;635;724;784;866;1098;14.55;16.89;0;8.57;0;0.02;28.11;0;1.25;59.39;0
3600002000;1015;"Røldalsvatn";497.08;497.08;21.4;32.48;26.16;380;792;972;1064;1146;1219;1286;1354;1420;1491;1686;35.73;40.75;0.26;0.41;0;2.29;7.2;1.05;7.84;80.93;0.03
