"COMPOUND_K";"FELTNR";"STATION_NA";"AREAL_NOR";"AREAL_UTM3";"GRAD_1085";"GRAD_FELT";"GRAD_ELV";"HEIGHT_MIN";"HEIGHT_10";"HEIGHT_20";"HEIGHT_30";"HEIGHT_40";"HEIGHT_50";"HEIGHT_60";"HEIGHT_70";"HEIGHT_80";"HEIGHT_90";"HEIGHT_MAX";"FELT_LE_KM";"ELV_LE_KM";"JORDBRUKPR";"MYRPRO";"EFF_MYR";"EFF_SJO";"SKOGPRO";"BREPRO";"SJOPRO";"SNAUFJPRO";"URBANPRO"
200032000;43;"Atnasjø";463.2;463.2;9.6;28.08;12.48;701;804;924;1022;1119;1205;1274;1360;1469;1595;2169;33.95;59.76;0.43;2.48;0;1.09;20.11;0;1.8;68.73;0
200028000;40;"Aulestad";866.25;866.25;10.61;16.22;11.34;199;500;658;750;812;850;884;918;961;1026;1513;49.03;66.75;6.46;13.62;0;0.04;57.95;0;2.42;7.85;0.12
200013000;30;"Sjodalsvatn";479.97;479.97;10.95;4.97;11.09;940;1014;1168;1320;1391;1462;1541;1643;1752;1892;2362;36.07;50.56;0;1.02;0;4.19;5.25;9.04;9.26;71.48;0
200015000;32;"Breiddalsvatn ndf.";127.62;127.62;6.59;26.95;17.93;877;925;987;1024;1089;1160;1249;1333;1403;1471;1853;20.92;23.46;0;0.74;0;6.02;1.92;0.88;11;85.27;0
100037000;11;"Kirkevatn";552.227;692.35;-999;0;-999;36;77;105;122;135;143;152;160;171;188;266;39.55;-999;9.33;7.02;0;2.8;73.47;0;9.88;0;0.21
200011000;29;"Narsjø";119.132;119.13;68.79;12.29;64.49;737;777;824;879;915;939;968;1004;1052;1106;1593;17.89;0.78;0.41;11.73;0;1.65;23.86;0;3.12;48.13;0
200025000;39;"Lalm";3982.39;3982.39;5.49;24.01;7.05;355;781;975;1115;1226;1326;1411;1499;1597;1732;2462;109.29;130.59;1.4;0.63;0;0.42;14.37;6.23;3.75;69.76;0.06
200021000;179;"Visa";241.53;241.53;29.05;13.78;43.72;519;1109;1300;1439;1543;1632;1728;1825;1917;2033;2462;24.66;28.69;0.13;0.24;0;0.02;8.93;14.17;0.62;74.96;0
200001000;22;"Hådammen";38.068;38.07;15.43;7.41;13.34;449;473;492;517;546;566;596;627;654;679;744;10.48;16.41;0.85;26.97;0;0.81;70.05;0;1.2;0;0
