"regine" "main" "daily_ams_dates" "FGP" "daily_ams.1" "fine_ams_times" "fine_ams"
1 37 "1914-12-09" NA 48.425167 NA NA
1 37 "1915-04-11" NA 40.547295 NA NA
1 37 "1916-01-27" NA 51.936684 NA NA
1 37 "1917-04-25" NA 48.425167 NA NA
1 37 "1918-10-13" NA 41.174377 NA NA
1 37 "1919-11-28" NA 36.895996 NA NA
1 37 "1920-03-08" NA 58.601326 NA NA
1 37 "1921-12-28" NA 36.305897 NA NA
1 37 "1922-12-31" NA 34.567066 NA NA
1 37 "1923-11-19" NA 49.813492 NA NA
1 37 "1924-09-15" NA 69.858887 NA NA
1 37 "1925-01-03" NA 66.530914 NA NA
1 37 "1926-11-22" NA 43.735981 NA NA
1 37 "1927-10-04" NA 77.676277 NA NA
2 1 "1990-04-27" NA 6.284447 NA NA
2 1 "1991-04-14" NA 6.284447 NA NA
2 1 "1992-05-04" NA 11.547069 NA NA
2 1 "1993-05-04" NA 13.134673 NA NA
2 1 "1994-05-10" NA 9.190115 NA NA
2 1 "1995-05-27" NA 7.940846 NA NA
2 1 "1996-10-19" NA 5.705818 NA NA
2 1 "1997-05-08" NA 16.40497 NA NA
2 1 "1998-04-29" NA 12.402596 893833200 13.409075
2 1 "1999-04-28" NA 5.226975 925340400 5.620767
2 1 "2000-05-02" NA 10.361597 957232800 12.061851
2 1 "2001-05-10" NA 6.603717 989449200 7.550856
2 1 "2002-04-24" NA 7.97236 1019602800 9.19035
2 1 "2002-05-02" NA 7.411185 1020279600 9.633746
2 1 "2003-05-07" NA 7.631213 1052269200 8.729534
2 1 "2004-04-27" NA 8.931619 1083027600 10.001937
2 1 "2005-11-04" NA 8.255469 1131123600 11.306133
2 1 "2006-09-04" NA 10.382213 1157346000 12.745007
2 1 "2007-04-26" NA 8.92697 1177624800 9.769419
2 1 "2008-04-30" NA 10.409417 1209520800 11.650416
2 1 "2008-05-03" NA 10.732836 1209772800 11.393455
2 1 "2009-04-28" NA 8.82314 1240876800 9.468553
2 1 "2009-11-24" NA 8.644526 1259056800 9.929883
2 1 "2010-06-13" NA 7.379414 1276365600 11.681278
2 1 "2010-09-25" NA 7.642576 1285394400 8.827182
2 1 "2011-09-06" NA 7.117255 1315263600 8.720401
2 1 "2012-05-11" NA 8.2391 1336712400 9.023923
2 1 "2012-11-12" NA 8.658179 NA NA
2 1 "2013-04-19" NA 8.873301 1366340400 9.778746
2 1 "2014-05-25" NA 11.478114 1401040800 16.414686
2 1 "2014-10-25" NA 11.736958 1414173600 14.825444
2 1 "2015-09-18" NA 12.538556 1442570400 14.316595
2 11 "1931-05-17" NA 26.782251 NA NA
2 11 "1932-05-19" NA 38.28981 NA NA
2 11 "1933-05-21" NA 12.926161 NA NA
2 11 "1934-05-06" NA 67.440529 NA NA
2 11 "1935-06-17" NA 21.61853 NA NA
2 11 "1936-05-18" NA 22.243795 NA NA
2 11 "1937-05-06" NA 15.94155 NA NA
2 11 "1938-05-17" NA 29.467157 NA NA
2 11 "1939-05-26" NA 21.309895 NA NA
2 11 "1940-08-24" NA 24.184101 NA NA
2 11 "1941-05-25" NA 24.184101 NA NA
2 11 "1942-05-29" NA 16.727625 NA NA
2 11 "1943-05-15" NA 16.727625 NA NA
2 11 "1944-06-10" NA 33.341618 NA NA
2 11 "1945-05-15" NA 29.841743 NA NA
2 11 "1946-05-03" NA 14.298803 NA NA
2 11 "1947-05-14" NA 43.365311 NA NA
2 11 "1948-05-11" NA 20.700584 NA NA
2 11 "1949-05-06" NA 21.003916 NA NA
2 11 "1950-07-28" NA 33.744907 NA NA
2 11 "1951-08-11" NA 18.088472 NA NA
2 11 "1952-06-20" NA 29.467157 NA NA
2 11 "1953-05-17" NA 28.360346 NA NA
2 11 "1954-05-14" NA 16.463079 NA NA
2 11 "1955-06-06" NA 22.56044 NA NA
2 11 "1956-06-14" NA 14.840838 NA NA
2 11 "1957-05-17" NA 27.997042 NA NA
2 11 "1958-05-27" NA 55.549866 NA NA
2 11 "1959-04-30" NA 24.184101 NA NA
2 11 "1960-05-29" NA 21.309895 NA NA
2 11 "1961-06-02" NA 19.223366 NA NA
2 11 "1962-06-08" NA 17.536478 NA NA
2 11 "1963-05-12" NA 23.52652 NA NA
2 11 "1964-08-31" NA 10.378406 NA NA
2 11 "1965-06-07" NA 20.700584 NA NA
2 11 "1966-05-19" NA 48.725906 NA NA
2 11 "1967-05-26" NA 41.051479 NA NA
2 11 "1968-06-02" NA 18.93576 NA NA
2 11 "1969-05-25" NA 15.116281 NA NA
2 11 "1970-05-18" NA 16.201057 NA NA
2 11 "1971-05-08" NA 22.56044 NA NA
2 11 "1972-05-10" NA 14.246592 NA NA
2 11 "1973-06-02" NA 24.049143 NA NA
2 11 "1975-05-12" NA 28.04052 NA NA
2 11 "1976-05-14" NA 17.571106 NA NA
2 11 "1977-05-25" NA 23.102079 NA NA
2 11 "1978-05-24" NA 35.814919 NA NA
2 11 "1979-05-26" NA 26.337837 NA NA
2 11 "1980-05-31" NA 11.504513 NA NA
2 11 "1981-05-13" NA 25.67263 NA NA
2 11 "1982-05-31" NA 23.102079 NA NA
2 11 "1983-05-20" NA 26.004103 NA NA
2 11 "1984-05-28" NA 16.770987 NA NA
2 11 "1985-05-28" NA 39.043621 NA NA
2 11 "1986-05-06" NA 26.004103 NA NA
2 11 "1987-05-02" NA 26.337837 546983040 27.158598
2 11 "1988-05-29" NA 24.049143 580876860 25.560104
2 11 "1989-08-02" NA 29.729725 618001440 36.643185
2 11 "1990-05-04" NA 22.30748 641792340 22.716284
2 11 "1991-06-20" NA 14.272133 677438520 15.557174
2 11 "1992-05-16" NA 24.764153 706047600 28.143204
2 11 "1993-05-01" NA 28.699007 NA NA
2 11 "1994-06-07" NA 13.340149 770933400 13.820829
2 11 "1995-06-02" NA 39.532528 802073700 40.666977
2 11 "1996-05-15" NA 14.565022 832106160 16.353268
2 11 "1997-05-18" NA 18.044592 863831880 18.440495
2 11 "1998-05-17" NA 17.003613 895385820 17.485237
2 11 "1999-06-06" NA 14.738955 928700940 15.40364
2 11 "2000-05-02" NA 24.750875 957289620 25.65085
2 11 "2001-05-20" NA 17.239193 990349200 17.528397
2 11 "2002-05-13" NA 18.566784 1021291200 19.421843
2 11 "2003-08-15" NA 13.898293 1060930800 14.518871
2 11 "2004-05-07" NA 17.879475 1083913200 18.624992
2 11 "2005-05-25" NA 23.581665 1116997200 24.794409
2 11 "2006-05-09" NA 20.94322 1147136400 21.743324
2 11 "2007-05-21" NA 11.875578 1179784800 12.025809
2 11 "2008-05-05" NA 20.10145 1209974400 20.296227
2 11 "2009-05-02" NA 21.849771 1241294400 22.211151
2 11 "2010-05-21" NA 28.66341 1274425200 29.417625
2 11 "2011-08-17" NA 21.169767 1313506800 26.075754
2 11 "2012-05-24" NA 28.224941 1337846400 31.623602
2 11 "2013-05-23" NA 23.796129 1369292400 24.861475
2 11 "2014-05-24" NA 32.461075 1400896800 32.804268
2 11 "2014-05-26" NA 31.918615 1401112800 34.798641
2 11 "2015-06-08" NA 15.781325 1433718000 16.800079
2 13 "1982-06-07" NA 70.395439 NA NA
2 13 "1983-06-23" NA 96.198425 NA NA
2 13 "1984-06-03" NA 155.871368 NA NA
2 13 "1985-07-21" NA 99.859894 NA NA
2 13 "1986-06-21" NA 98.016701 519684120 102.413918
2 13 "1987-07-09" NA 81.50708 552843060 82.959175
2 13 "1988-09-04" NA 101.768204 589405200 108.331772
2 13 "1989-06-30" NA 115.652695 615154260 123.069748
2 13 "1990-06-24" NA 128.872589 646200660 130.789627
2 13 "1991-07-11" NA 69.766579 679237500 70.309006
2 13 "1992-09-25" NA 82.360725 717422820 84.041191
2 13 "1993-07-14" NA 162.741989 742640580 167.678589
2 13 "1994-07-01" NA 112.92128 773068440 115.086792
2 13 "1995-06-03" NA 139.089691 802194480 142.532944
2 13 "1996-06-10" NA 65.00293 834413760 66.822037
2 13 "1997-07-03" NA 171.839157 867914040 176.201309
2 13 "1998-06-30" NA 138.524841 899200800 141.728394
2 13 "1999-06-30" NA 147.958557 930751200 152.096863
2 13 "2000-07-03" NA 109.84478 962600400 112.12841
2 13 "2001-07-10" NA 136.244781 994798800 141.753372
2 13 "2002-07-12" NA 147.993835 1026486000 156.878098
2 13 "2003-06-07" NA 82.802132 1054972800 83.862907
2 13 "2004-05-09" NA 99.888138 1084075200 100.620323
2 13 "2005-07-07" NA 96.264809 1120716000 96.928513
2 13 "2006-06-15" NA 72.207108 1150315200 74.831848
2 13 "2007-07-06" NA 205.27005 1183665600 210.273041
2 13 "2008-06-05" NA 113.655365 1212634800 114.095428
2 13 "2009-07-21" NA 78.374016 1248202800 81.834366
2 13 "2010-07-17" NA 98.039055 1279314000 103.363808
2 13 "2011-06-12" NA 257.715363 1307844000 265.641907
2 13 "2012-07-13" NA 93.85305 1342141200 95.295097
2 13 "2013-06-03" NA 120.025932 1370253600 122.861137
2 13 "2014-07-08" NA 175.197678 1404828000 183.54306
2 13 "2015-07-07" NA 161.797913 1436288400 169.027771
2 15 "1918-07-12" NA 36.523983 NA NA
2 15 "1919-10-07" NA 22.234211 NA NA
2 15 "1920-06-22" NA 51.862419 NA NA
2 15 "1921-10-08" NA 37.756413 NA NA
2 15 "1922-07-10" NA 26.73844 NA NA
2 15 "1923-07-11" NA 60.236214 NA NA
2 15 "1924-06-23" NA 44.391506 NA NA
2 15 "1925-07-07" NA 28.718874 NA NA
2 15 "1926-06-10" NA 53.462761 NA NA
2 15 "1927-07-09" NA 50.298191 NA NA
2 15 "1928-07-18" NA 39.019688 NA NA
2 15 "1929-06-16" NA 31.892712 NA NA
2 15 "1930-05-28" NA 30.807039 NA NA
2 15 "1931-07-05" NA 41.640846 NA NA
2 15 "1932-07-07" NA 67.631989 NA NA
2 15 "1933-05-30" NA 39.019688 NA NA
2 15 "1934-05-11" NA 41.640846 NA NA
2 15 "1935-06-26" NA 48.732296 NA NA
2 15 "1936-06-13" NA 32.758266 NA NA
2 15 "1937-05-23" NA 38.003609 NA NA
2 15 "1938-06-10" NA 38.003609 NA NA
2 15 "1939-06-20" NA 40.859619 NA NA
2 15 "1940-05-28" NA 35.30526 NA NA
2 15 "1941-05-30" NA 29.208128 NA NA
2 15 "1942-11-28" NA 34.013233 NA NA
2 15 "1943-03-03" NA 34.013233 NA NA
2 21 "1981-05-25" NA 45.860661 NA NA
2 21 "1982-06-06" NA 34.56992 NA NA
2 21 "1983-06-20" NA 47.745586 NA NA
2 21 "1984-06-02" NA 41.660797 NA NA
2 21 "1985-10-01" NA 67.951134 NA NA
2 21 "1986-05-04" NA 25.338726 515584620 84.019814
2 21 "1986-06-19" NA 51.672428 519586320 71.961258
2 21 "1987-07-07" NA 39.382671 552615660 55.600967
2 21 "1987-10-16" NA 19.635036 561406200 55.678448
2 21 "1988-09-03" NA 41.660797 589294680 61.398823
2 21 "1989-06-28" NA 59.4328 615041220 84.772301
2 21 "1990-08-31" NA 48.385429 652097220 89.662582
2 25 "1907-06-16" NA 744.641113 NA NA
2 25 "1908-08-14" NA 716.296448 NA NA
2 25 "1909-06-25" NA 926.200989 NA NA
2 25 "1910-06-15" NA 1173.643921 NA NA
2 25 "1911-06-06" NA 716.296448 NA NA
2 25 "1912-08-11" NA 462.979279 NA NA
2 25 "1913-06-08" NA 499.826477 NA NA
2 25 "1914-07-07" NA 1065.007568 NA NA
2 25 "1915-07-07" NA 716.296448 NA NA
2 25 "1916-05-11" NA 647.830322 NA NA
2 25 "1917-05-31" NA 634.547791 NA NA
2 25 "1918-07-12" NA 538.077515 NA NA
2 25 "1919-06-09" NA 440.662933 NA NA
2 25 "1920-06-23" NA 991.096619 NA NA
2 25 "1921-05-29" NA 724.74231 NA NA
2 25 "1922-07-08" NA 634.547791 NA NA
2 25 "1923-07-13" NA 1145.106079 NA NA
2 25 "1924-06-23" NA 958.375427 NA NA
2 25 "1925-06-12" NA 863.492737 NA NA
2 25 "1926-06-11" NA 832.958984 NA NA
2 25 "1927-07-08" NA 958.375427 NA NA
2 25 "1928-07-16" NA 533.219421 NA NA
2 25 "1929-05-29" NA 462.979279 NA NA
2 25 "1930-06-26" NA 702.329407 NA NA
2 25 "1931-07-10" NA 759.018616 NA NA
2 25 "1932-07-08" NA 958.375427 NA NA
2 25 "1933-06-09" NA 555.253784 NA NA
2 25 "1934-05-09" NA 802.972412 NA NA
2 25 "1935-06-25" NA 1024.364624 NA NA
2 25 "1936-06-14" NA 730.400269 NA NA
2 25 "1937-05-24" NA 759.018616 NA NA
2 25 "1938-09-01" NA 1387.092896 NA NA
2 25 "1939-06-21" NA 1041.203491 NA NA
2 25 "1940-05-29" NA 467.508362 NA NA
2 28 "1930-05-20" NA 197.031815 NA NA
2 28 "1931-05-19" NA 275.612671 NA NA
2 28 "1932-05-20" NA 227.866364 NA NA
2 28 "1933-05-22" NA 83.552193 NA NA
2 28 "1934-08-31" NA 339.18689 NA NA
2 28 "1935-05-10" NA 113.364059 NA NA
2 28 "1936-05-16" NA 153.289932 NA NA
2 28 "1937-05-06" NA 165.049744 NA NA
2 28 "1938-09-01" NA 270.007874 NA NA
2 28 "1939-06-20" NA 275.612671 NA NA
2 28 "1940-07-27" NA 113.364059 NA NA
2 28 "1941-08-06" NA 88.771111 NA NA
2 28 "1942-05-20" NA 114.936615 NA NA
2 28 "1943-05-15" NA 104.227524 NA NA
2 28 "1944-06-08" NA 147.624481 NA NA
2 28 "1945-05-14" NA 248.344635 NA NA
2 28 "1946-09-02" NA 289.96106 NA NA
2 28 "1947-05-15" NA 133.199234 NA NA
2 28 "1948-09-07" NA 165.049744 NA NA
2 28 "1949-05-06" NA 113.364059 NA NA
2 28 "1950-06-22" NA 246.618561 NA NA
2 28 "1951-08-28" NA 225.64119 NA NA
2 28 "1952-05-06" NA 317.331085 NA NA
2 28 "1953-08-25" NA 153.680878 NA NA
2 28 "1954-05-23" NA 161.065689 NA NA
2 28 "1955-06-03" NA 138.493576 NA NA
2 28 "1956-05-12" NA 138.493576 NA NA
2 28 "1957-09-14" NA 201.583206 NA NA
2 28 "1958-05-27" NA 142.099564 NA NA
2 28 "1959-05-14" NA 129.7453 NA NA
2 28 "1960-07-17" NA 161.54248 NA NA
2 28 "1961-10-20" NA 199.441711 NA NA
2 28 "1962-05-24" NA 152.357468 NA NA
2 28 "1963-05-11" NA 259.279236 NA NA
2 28 "1964-10-10" NA 295.47348 NA NA
2 28 "1965-09-09" NA 99.609245 NA NA
2 28 "1966-05-19" NA 343.301178 NA NA
2 28 "1967-06-01" NA 264.276398 NA NA
2 28 "1968-05-02" NA 105.715042 NA NA
2 28 "1969-05-27" NA 131.464706 NA NA
2 28 "1970-05-15" NA 114.936615 NA NA
2 28 "1971-05-17" NA 145.767273 NA NA
2 28 "1972-05-10" NA 111.805847 NA NA
2 28 "1973-06-01" NA 298.803314 NA NA
2 28 "1974-09-08" NA 74.916153 NA NA
2 28 "1975-05-11" NA 192.549088 NA NA
2 28 "1976-05-11" NA 92.824043 NA NA
2 28 "1977-05-25" NA 291.409698 NA NA
2 28 "1978-05-24" NA 287.706635 NA NA
2 28 "1979-05-25" NA 338.403473 NA NA
2 28 "1980-05-31" NA 202.267715 NA NA
2 28 "1981-05-13" NA 147.342209 NA NA
2 28 "1982-05-28" NA 164.347412 NA NA
2 28 "1983-05-19" NA 266.157867 NA NA
2 28 "1984-10-03" NA 108.210274 NA NA
2 28 "1985-05-21" NA 111.172852 NA NA
2 28 "1986-05-11" NA 94.111465 NA NA
2 28 "1987-10-16" NA 121.923409 NA NA
2 28 "1988-09-03" NA 303.601501 NA NA
2 28 "1989-05-16" NA 76.323792 NA NA
2 28 "1990-05-03" NA 101.013077 NA NA
2 28 "1991-06-19" NA 70.506767 NA NA
2 28 "1992-05-23" NA 92.766258 NA NA
2 28 "1993-05-03" NA 182.898834 NA NA
2 28 "1994-05-14" NA 109.685555 NA NA
2 28 "1995-06-02" NA 364.25943 NA NA
2 28 "1996-04-22" NA 61.769432 NA NA
2 28 "1997-05-16" NA 56.657745 NA NA
2 28 "1998-05-16" NA 171.911118 NA NA
2 28 "1999-05-22" NA 242.076019 927352800 268.41037
2 28 "2000-10-11" NA 227.124863 971319600 353.044067
2 28 "2001-05-19" NA 126.06308 990306000 163.24321
2 28 "2002-05-28" NA 138.987045 1022594400 267.065735
2 28 "2003-05-14" NA 120.501228 1052892000 132.349655
2 28 "2003-08-14" NA 106.647568 1060876800 172.238586
2 28 "2004-05-06" NA 198.643311 1083855600 236.189926
2 28 "2005-05-04" NA 74.159904 1115154000 83.818192
2 28 "2005-11-01" NA 69.944199 1130860800 87.846817
2 28 "2006-05-10" NA 130.950546 1147291200 152.900955
2 28 "2007-06-24" NA 104.646217 1182639600 124.75769
2 28 "2008-05-03" NA 221.136124 1209765600 268.981262
2 28 "2009-05-02" NA 146.261703 1241294400 161.48761
2 28 "2010-05-21" NA 167.115967 1274475600 216.428223
2 28 "2011-06-10" NA 267.380615 1307692800 511.093964
2 28 "2012-05-23" NA 82.595291 1337806800 93.494576
2 28 "2013-05-23" NA 374.691162 1369249200 934.095825
2 28 "2014-05-21" NA 203.957581 1400616000 257.947784
2 28 "2014-05-24" NA 211.276581 1400871600 235.984772
2 28 "2015-09-18" NA 111.510941 1442512800 129.568832
2 32 "1917-05-31" NA 103.8349 NA NA
2 32 "1918-06-26" NA 75.061188 NA NA
2 32 "1919-05-27" NA 71.114578 NA NA
2 32 "1920-05-30" NA 67.276398 NA NA
2 32 "1921-05-29" NA 98.250465 NA NA
2 32 "1922-05-28" NA 56.411217 NA NA
2 32 "1923-07-10" NA 57.803696 NA NA
2 32 "1924-06-23" NA 80.768745 NA NA
2 32 "1925-05-30" NA 94.614754 NA NA
2 32 "1926-05-30" NA 105.731285 NA NA
2 32 "1927-06-30" NA 85.830429 NA NA
2 32 "1928-05-05" NA 73.469521 NA NA
2 32 "1929-05-26" NA 80.768745 NA NA
2 32 "1930-05-26" NA 91.048775 NA NA
2 32 "1931-05-22" NA 59.213455 NA NA
2 32 "1932-05-18" NA 53.005569 NA NA
2 32 "1933-05-25" NA 28.155439 NA NA
2 32 "1934-05-06" NA 133.044525 NA NA
2 32 "1935-06-17" NA 94.614754 NA NA
2 32 "1936-06-14" NA 77.481224 NA NA
2 32 "1937-05-07" NA 60.640503 NA NA
2 32 "1938-09-03" NA 38.726757 NA NA
2 32 "1939-06-20" NA 134.117432 NA NA
2 32 "1940-08-25" NA 67.276398 NA NA
2 32 "1941-06-13" NA 35.92342 NA NA
2 32 "1942-05-31" NA 44.655323 NA NA
2 32 "1943-06-13" NA 42.232349 NA NA
2 32 "1944-06-10" NA 87.55246 NA NA
2 32 "1945-05-15" NA 91.933739 NA NA
2 32 "1946-09-03" NA 53.005569 NA NA
2 32 "1947-05-15" NA 65.771454 NA NA
2 32 "1948-05-11" NA 53.005569 NA NA
2 32 "1949-05-22" NA 59.213455 NA NA
2 32 "1950-06-23" NA 71.114578 NA NA
2 32 "1951-08-21" NA 77.481224 NA NA
2 32 "1952-05-14" NA 65.025475 NA NA
2 32 "1953-06-05" NA 56.411217 NA NA
2 32 "1954-05-25" NA 68.798668 NA NA
2 32 "1955-06-06" NA 52.337387 NA NA
2 32 "1956-08-22" NA 47.780823 NA NA
2 32 "1957-09-14" NA 67.276398 NA NA
2 32 "1958-07-01" NA 77.481224 NA NA
2 32 "1959-05-13" NA 62.813519 NA NA
2 32 "1960-05-24" NA 79.116295 NA NA
2 32 "1961-06-03" NA 87.55246 NA NA
2 32 "1962-06-21" NA 71.114578 NA NA
2 32 "1963-05-12" NA 75.061188 NA NA
2 32 "1964-06-09" NA 51.673519 NA NA
2 32 "1965-06-03" NA 73.469521 NA NA
2 32 "1966-05-19" NA 158.832108 NA NA
2 32 "1967-05-31" NA 112.506264 NA NA
2 32 "1968-06-07" NA 83.280022 NA NA
2 32 "1969-05-30" NA 81.601486 NA NA
2 32 "1970-05-30" NA 58.506416 NA NA
2 32 "1971-06-01" NA 80.768745 NA NA
2 32 "1972-06-08" NA 69.566299 NA NA
2 32 "1973-06-02" NA 136.276413 NA NA
2 32 "1974-05-15" NA 47.780823 NA NA
2 32 "1975-05-12" NA 70.338272 NA NA
2 32 "1976-05-18" NA 34.292839 NA NA
2 32 "1977-06-15" NA 66.521759 NA NA
2 32 "1978-05-25" NA 78.296585 NA NA
2 32 "1979-06-02" NA 105.731285 NA NA
2 32 "1980-06-01" NA 58.506416 NA NA
2 32 "1981-05-25" NA 57.803696 NA NA
2 32 "1982-07-05" NA 68.035362 NA NA
2 32 "1983-05-19" NA 68.798668 NA NA
2 32 "1984-05-29" NA 68.798668 NA NA
2 32 "1985-05-30" NA 85.516502 NA NA
2 32 "1986-05-06" NA 53.983799 515793540 55.473312
2 32 "1987-10-17" NA 67.595032 561469800 70.158096
2 32 "1988-05-31" NA 75.621025 581090160 75.890213
2 32 "1989-05-25" NA 36.869839 612157920 37.779362
2 32 "1990-06-23" NA 78.390038 646088760 83.620888
2 32 "1991-06-20" NA 39.907509 677423580 41.756107
2 32 "1992-05-24" NA 61.853519 706676340 64.249359
2 32 "1993-05-04" NA 53.983799 736502400 55.25219
2 32 "1994-06-07" NA 41.48246 771033600 42.274227
2 32 "1994-07-01" NA 39.907509 773006400 44.716667
2 32 "1995-06-01" NA 158.634842 NA NA
2 32 "1996-06-19" NA 64.356369 835196400 72.018311
2 32 "1997-06-09" NA 65.268486 865857600 66.813881
2 32 "1998-06-10" NA 63.428814 897469200 66.391579
2 32 "1999-05-23" NA 56.444687 927439200 58.887421
2 32 "1999-06-11" NA 56.305271 929066400 59.020775
2 32 "2000-05-03" NA 64.789841 957326400 66.361488
2 32 "2001-06-22" NA 61.608341 993225600 64.054298
2 32 "2002-05-29" NA 61.276695 1022698800 64.814934
2 32 "2003-08-16" NA 98.296448 NA NA
2 32 "2004-05-08" NA 65.343124 1083988800 68.175926
2 32 "2005-06-23" NA 54.893085 1119484800 58.228325
2 32 "2006-05-10" NA 38.693882 1147305600 39.132645
2 32 "2007-06-01" NA 38.219753 1180735200 39.897385
2 32 "2007-06-25" NA 38.439526 1182754800 39.399639
2 32 "2008-06-02" NA 66.333778 1212408000 67.400688
2 32 "2009-07-22" NA 48.259857 1248242400 49.124584
2 32 "2010-06-13" NA 55.064484 1276444800 57.124874
2 32 "2011-06-11" NA 83.669258 1307786400 86.102119
2 32 "2012-05-26" NA 56.751255 1338026400 57.252296
2 32 "2013-05-23" NA 135.593872 1369317600 146.103043
2 32 "2014-05-24" NA 93.044022 1400968800 96.595604
2 32 "2015-07-04" NA 55.288101 1435975200 56.831036
