"regine" "main" "date" "flood" "threshold"
2 1 1990-04-27 6.284447 5.67756
2 1 1990-09-20 5.787579 5.67756
2 1 1991-04-14 6.284447 5.67756
2 1 1991-06-20 5.950392 5.67756
2 1 1992-05-04 11.547069 5.67756
2 1 1993-05-04 13.134673 5.67756
2 1 1993-10-08 5.950392 5.67756
2 1 1994-05-10 9.190115 5.67756
2 1 1995-05-07 7.550869 5.67756
2 1 1995-05-27 7.940846 5.67756
2 1 1995-06-09 6.284447 5.67756
2 1 1996-10-19 5.705818 5.67756
2 1 1997-05-08 16.40497 5.67756
2 1 1998-04-29 12.402596 5.67756
2 1 1998-10-24 6.942304 5.67756
2 1 2000-05-02 10.361597 5.67756
2 1 2000-10-13 6.589247 5.67756
2 1 2000-11-09 5.875567 5.67756
2 1 2001-05-03 6.425123 5.67756
2 1 2001-05-10 6.603717 5.67756
2 1 2002-04-24 7.97236 5.67756
2 1 2002-05-02 7.411185 5.67756
2 1 2002-07-11 6.74467 5.67756
2 1 2003-05-07 7.631213 5.67756
2 1 2004-04-27 8.931619 5.67756
2 1 2004-09-21 7.381752 5.67756
2 1 2005-11-04 8.255469 5.67756
2 1 2006-05-06 9.590154 5.67756
2 1 2006-09-04 10.382213 5.67756
2 1 2006-10-20 6.005359 5.67756
2 1 2006-11-18 8.764642 5.67756
2 1 2006-12-12 5.749945 5.67756
2 1 2007-04-26 8.92697 5.67756
2 1 2008-05-03 10.732836 5.67756
2 1 2008-05-24 7.512885 5.67756
2 1 2009-04-28 8.82314 5.67756
2 1 2009-11-24 8.644526 5.67756
2 1 2010-05-01 5.692773 5.67756
2 1 2010-05-16 6.420375 5.67756
2 1 2010-06-13 7.379414 5.67756
2 1 2010-08-29 7.106422 5.67756
2 1 2010-09-25 7.642576 5.67756
2 1 2011-09-06 7.117255 5.67756
2 1 2012-04-28 7.44154 5.67756
2 1 2012-05-11 8.2391 5.67756
2 1 2012-11-12 8.658179 5.67756
2 1 2012-11-22 7.251006 5.67756
2 1 2013-04-19 8.873301 5.67756
2 1 2013-05-07 6.173909 5.67756
2 1 2014-04-29 5.839919 5.67756
2 1 2014-05-18 7.833827 5.67756
2 1 2014-05-25 11.478114 5.67756
2 1 2014-10-25 11.736958 5.67756
2 1 2015-05-07 9.768884 5.67756
2 1 2015-09-18 12.538556 5.67756
2 15 1918-07-12 36.523983 29.208128
2 15 1920-06-22 51.862419 29.208128
2 15 1921-10-08 37.756413 29.208128
2 15 1923-07-11 60.236214 29.208128
2 15 1924-06-23 44.391506 29.208128
2 15 1926-06-10 53.462761 29.208128
2 15 1926-07-16 30.807039 29.208128
2 15 1927-07-09 50.298191 29.208128
2 15 1928-07-18 39.019688 29.208128
2 15 1929-06-16 31.892712 29.208128
2 15 1930-05-28 30.807039 29.208128
2 15 1931-05-27 29.749254 29.208128
2 15 1931-07-05 41.640846 29.208128
2 15 1932-06-02 30.807039 29.208128
2 15 1932-06-20 29.749254 29.208128
2 15 1932-07-07 67.631989 29.208128
2 15 1933-05-30 39.019688 29.208128
2 15 1934-05-11 41.640846 29.208128
2 15 1934-06-19 33.006752 29.208128
2 15 1935-06-16 45.453445 29.208128
2 15 1935-06-26 48.732296 29.208128
2 15 1936-06-13 32.758266 29.208128
2 15 1937-05-23 38.003609 29.208128
2 15 1937-06-10 32.758266 29.208128
2 15 1938-06-10 38.003609 29.208128
2 15 1938-07-10 35.30526 29.208128
2 15 1939-06-06 36.635124 29.208128
2 15 1939-06-20 40.859619 29.208128
2 15 1940-05-28 35.30526 29.208128
2 15 1942-06-08 30.356464 29.208128
2 15 1942-06-18 30.356464 29.208128
2 15 1942-07-08 30.356464 29.208128
2 15 1942-11-28 34.013233 29.208128
2 15 1943-03-03 34.013233 29.208128
2 15 1943-06-13 34.013233 29.208128
2 11 1931-05-17 26.782251 13.5700218
2 11 1931-05-25 19.964977 13.5700218
2 11 1932-05-19 38.28981 13.5700218
2 11 1932-05-30 21.47777 13.5700218
2 11 1934-05-06 67.440529 13.5700218
2 11 1935-05-29 14.298803 13.5700218
2 11 1935-06-08 15.676043 13.5700218
2 11 1935-06-17 21.61853 13.5700218
2 11 1936-05-18 22.243795 13.5700218
2 11 1937-05-06 15.94155 13.5700218
2 11 1938-05-17 29.467157 13.5700218
2 11 1938-05-30 16.727625 13.5700218
2 11 1939-05-26 21.309895 13.5700218
2 11 1939-06-19 14.840838 13.5700218
2 11 1939-07-03 14.298803 13.5700218
2 11 1940-08-24 24.184101 13.5700218
2 11 1941-05-25 24.184101 13.5700218
2 11 1942-05-29 16.727625 13.5700218
2 11 1943-05-15 16.727625 13.5700218
2 11 1943-05-24 14.840838 13.5700218
2 11 1944-05-31 17.264317 13.5700218
2 11 1944-06-10 33.341618 13.5700218
2 11 1945-05-15 29.841743 13.5700218
2 11 1945-05-31 25.875828 13.5700218
2 11 1946-05-03 14.298803 13.5700218
2 11 1947-05-14 43.365311 13.5700218
2 11 1948-05-11 20.700584 13.5700218
2 11 1949-05-06 21.003916 13.5700218
2 11 1949-05-20 18.088472 13.5700218
2 11 1949-06-05 19.223366 13.5700218
2 11 1949-08-04 13.768495 13.5700218
2 11 1950-05-13 29.467157 13.5700218
2 11 1950-06-05 17.811193 13.5700218
2 11 1950-06-16 33.341618 13.5700218
2 11 1950-07-28 33.744907 13.5700218
2 11 1951-06-04 14.840838 13.5700218
2 11 1951-08-11 18.088472 13.5700218
2 11 1952-05-07 15.94155 13.5700218
2 11 1952-06-20 29.467157 13.5700218
2 11 1953-05-17 28.360346 13.5700218
2 11 1953-06-05 24.184101 13.5700218
2 11 1954-05-14 16.463079 13.5700218
2 11 1954-05-24 15.394677 13.5700218
2 11 1955-06-06 22.56044 13.5700218
2 11 1955-06-23 20.101826 13.5700218
2 11 1956-06-14 14.840838 13.5700218
2 11 1957-05-17 27.997042 13.5700218
2 11 1957-09-14 13.768495 13.5700218
2 11 1958-05-27 55.549866 13.5700218
2 11 1959-04-30 24.184101 13.5700218
2 11 1959-05-13 16.201057 13.5700218
2 11 1960-05-16 19.513575 13.5700218
2 11 1960-05-29 21.309895 13.5700218
2 11 1961-06-02 19.223366 13.5700218
2 11 1962-05-24 16.201057 13.5700218
2 11 1962-06-08 17.536478 13.5700218
2 11 1963-05-12 23.52652 13.5700218
2 11 1965-06-07 20.700584 13.5700218
2 11 1966-05-19 48.725906 13.5700218
2 11 1967-05-26 41.051479 13.5700218
2 11 1968-05-01 18.088472 13.5700218
2 11 1968-06-02 18.93576 13.5700218
2 11 1969-05-25 15.116281 13.5700218
2 11 1970-05-18 16.201057 13.5700218
2 11 1970-05-26 15.394677 13.5700218
2 11 1971-05-08 22.56044 13.5700218
2 11 1972-05-10 14.246592 13.5700218
2 11 1973-06-02 24.049143 13.5700218
2 11 1973-07-21 14.733979 13.5700218
2 11 1975-05-12 28.04052 13.5700218
2 11 1976-05-14 17.571106 13.5700218
2 11 1977-05-25 23.102079 13.5700218
2 11 1978-05-24 35.814919 13.5700218
2 11 1979-05-18 23.102079 13.5700218
2 11 1979-05-26 26.337837 13.5700218
2 11 1981-05-13 25.67263 13.5700218
2 11 1982-05-31 23.102079 13.5700218
2 11 1983-05-20 26.004103 13.5700218
2 11 1984-05-03 15.734953 13.5700218
2 11 1984-05-18 15.481428 13.5700218
2 11 1984-05-28 16.770987 13.5700218
2 11 1985-05-28 39.043621 13.5700218
2 11 1985-09-10 15.481428 13.5700218
2 11 1986-05-06 26.004103 13.5700218
2 11 1987-05-02 26.337837 13.5700218
2 11 1987-05-26 14.489197 13.5700218
2 11 1987-06-10 16.508684 13.5700218
2 11 1987-06-18 17.571106 13.5700218
2 11 1988-05-17 18.115549 13.5700218
2 11 1988-05-29 24.049143 13.5700218
2 11 1989-08-02 29.729725 13.5700218
2 11 1990-05-04 22.30748 13.5700218
2 11 1991-06-20 14.272133 13.5700218
2 11 1992-05-16 24.764153 13.5700218
2 11 1993-05-01 28.699007 13.5700218
2 11 1993-05-17 16.745056 13.5700218
2 11 1995-06-02 39.532528 13.5700218
2 11 1996-05-15 14.565022 13.5700218
2 11 1997-05-18 18.044592 13.5700218
2 11 1997-06-03 17.755781 13.5700218
2 11 1998-05-17 17.003613 13.5700218
2 11 1999-05-23 14.541799 13.5700218
2 11 1999-06-06 14.738955 13.5700218
2 11 2000-05-02 24.750875 13.5700218
2 11 2001-05-20 17.239193 13.5700218
2 11 2002-05-13 18.566784 13.5700218
2 11 2003-08-15 13.898293 13.5700218
2 11 2004-05-07 17.879475 13.5700218
2 11 2005-05-25 23.581665 13.5700218
2 11 2006-05-09 20.94322 13.5700218
2 11 2008-05-05 20.10145 13.5700218
2 11 2009-05-02 21.849771 13.5700218
2 11 2010-05-21 28.66341 13.5700218
2 11 2010-06-13 13.979768 13.5700218
2 11 2011-04-25 17.155468 13.5700218
2 11 2011-08-17 21.169767 13.5700218
2 11 2012-05-24 28.224941 13.5700218
2 11 2013-05-13 19.506512 13.5700218
2 11 2013-05-23 23.796129 13.5700218
2 11 2014-05-24 32.461075 13.5700218
2 11 2015-06-08 15.781325 13.5700218
2 13 1983-06-23 96.198425 79.74234424
2 13 1983-07-13 83.142982 79.74234424
2 13 1984-06-03 155.871368 79.74234424
2 13 1985-05-30 85.670204 79.74234424
2 13 1985-06-29 90.848083 79.74234424
2 13 1985-07-21 99.859894 79.74234424
2 13 1986-06-21 98.016701 79.74234424
2 13 1987-07-09 81.50708 79.74234424
2 13 1988-06-01 83.648071 79.74234424
2 13 1988-07-19 81.638084 79.74234424
2 13 1988-09-04 101.768204 79.74234424
2 13 1989-06-30 115.652695 79.74234424
2 13 1990-06-24 128.872589 79.74234424
2 13 1992-09-25 82.360725 79.74234424
2 13 1993-07-14 162.741989 79.74234424
2 13 1994-07-01 112.92128 79.74234424
2 13 1994-07-17 88.424774 79.74234424
2 13 1995-06-03 139.089691 79.74234424
2 13 1997-06-16 83.204109 79.74234424
2 13 1997-07-03 171.839157 79.74234424
2 13 1998-06-30 138.524841 79.74234424
2 13 1999-06-15 82.370857 79.74234424
2 13 1999-06-30 147.958557 79.74234424
2 13 2000-05-20 85.690926 79.74234424
2 13 2000-06-24 89.706215 79.74234424
2 13 2000-07-03 109.84478 79.74234424
2 13 2001-07-10 136.244781 79.74234424
2 13 2002-05-29 96.12101 79.74234424
2 13 2002-06-13 97.291534 79.74234424
2 13 2002-07-12 147.993835 79.74234424
2 13 2003-06-07 82.802132 79.74234424
2 13 2004-05-09 99.888138 79.74234424
2 13 2005-06-25 94.459595 79.74234424
2 13 2005-07-07 96.264809 79.74234424
2 13 2007-06-12 92.176201 79.74234424
2 13 2007-06-26 88.298256 79.74234424
2 13 2007-07-06 205.27005 79.74234424
2 13 2007-08-17 115.358276 79.74234424
2 13 2008-06-05 113.655365 79.74234424
2 13 2010-07-17 98.039055 79.74234424
2 13 2010-10-08 94.125992 79.74234424
2 13 2011-06-12 257.715363 79.74234424
2 13 2011-07-25 114.093452 79.74234424
2 13 2011-08-29 87.200829 79.74234424
2 13 2012-07-13 93.85305 79.74234424
2 13 2013-05-23 114.880753 79.74234424
2 13 2013-06-03 120.025932 79.74234424
2 13 2013-06-24 102.08252 79.74234424
2 13 2013-09-18 80.28846 79.74234424
2 13 2014-05-26 118.327789 79.74234424
2 13 2014-06-07 100.233124 79.74234424
2 13 2014-07-08 175.197678 79.74234424
2 13 2015-07-07 161.797913 79.74234424
2 13 2015-08-28 99.031425 79.74234424
2 13 2015-09-17 85.463142 79.74234424
2 25 1907-06-16 744.641113 533.219421
2 25 1908-06-02 624.020447 533.219421
2 25 1908-08-14 716.296448 533.219421
2 25 1908-10-05 547.859619 533.219421
2 25 1909-06-25 926.200989 533.219421
2 25 1909-08-23 661.249695 533.219421
2 25 1910-06-15 1173.643921 533.219421
2 25 1910-08-07 575.212585 533.219421
2 25 1911-06-06 716.296448 533.219421
2 25 1914-06-25 894.573425 533.219421
2 25 1914-07-07 1065.007568 533.219421
2 25 1914-07-24 590.411865 533.219421
2 25 1915-07-07 716.296448 533.219421
2 25 1916-05-11 647.830322 533.219421
2 25 1917-05-31 634.547791 533.219421
2 25 1917-06-15 582.787659 533.219421
2 25 1918-07-12 538.077515 533.219421
2 25 1920-06-23 991.096619 533.219421
2 25 1920-07-12 595.522156 533.219421
2 25 1921-05-29 724.74231 533.219421
2 25 1921-07-12 634.547791 533.219421
2 25 1922-07-08 634.547791 533.219421
2 25 1922-07-29 608.393799 533.219421
2 25 1923-07-13 1145.106079 533.219421
2 25 1924-06-23 958.375427 533.219421
2 25 1924-07-21 608.393799 533.219421
2 25 1924-08-18 716.296448 533.219421
2 25 1925-06-12 863.492737 533.219421
2 25 1925-07-06 557.72937 533.219421
2 25 1926-06-11 832.958984 533.219421
2 25 1926-07-15 773.533142 533.219421
2 25 1927-07-08 958.375427 533.219421
2 25 1927-08-04 688.499207 533.219421
2 25 1930-05-28 634.547791 533.219421
2 25 1930-06-26 702.329407 533.219421
2 25 1931-07-10 759.018616 533.219421
2 25 1931-07-18 582.787659 533.219421
2 25 1932-07-08 958.375427 533.219421
2 25 1933-06-09 555.253784 533.219421
2 25 1934-05-09 802.972412 533.219421
2 25 1934-06-19 557.72937 533.219421
2 25 1934-09-03 557.72937 533.219421
2 25 1935-06-18 595.522156 533.219421
2 25 1935-06-25 1024.364624 533.219421
2 25 1935-07-04 608.393799 533.219421
2 25 1936-06-14 730.400269 533.219421
2 25 1937-05-24 759.018616 533.219421
2 25 1937-06-10 730.400269 533.219421
2 25 1937-07-10 557.72937 533.219421
2 25 1938-06-10 634.547791 533.219421
2 25 1938-07-11 595.522156 533.219421
2 25 1938-09-01 1387.092896 533.219421
2 25 1939-06-08 688.499207 533.219421
2 25 1939-06-21 1041.203491 533.219421
2 25 1939-07-19 680.266907 533.219421
2 28 1930-05-04 104.227524 92.9004458
2 28 1930-05-20 197.031815 92.9004458
2 28 1930-07-29 114.936615 92.9004458
2 28 1931-05-19 275.612671 92.9004458
2 28 1931-05-30 121.371445 92.9004458
2 28 1932-05-20 227.866364 92.9004458
2 28 1932-10-14 134.948792 92.9004458
2 28 1934-05-08 289.96106 92.9004458
2 28 1934-08-31 339.18689 92.9004458
2 28 1934-09-24 98.416267 92.9004458
2 28 1935-05-10 113.364059 92.9004458
2 28 1936-05-16 153.289932 92.9004458
2 28 1936-05-27 94.201797 92.9004458
2 28 1937-05-06 165.049744 92.9004458
2 28 1937-05-18 102.75396 92.9004458
2 28 1937-05-28 138.493576 92.9004458
2 28 1938-09-01 270.007874 92.9004458
2 28 1938-10-05 138.493576 92.9004458
2 28 1939-05-18 110.261902 92.9004458
2 28 1939-05-26 159.097839 92.9004458
2 28 1939-06-20 275.612671 92.9004458
2 28 1939-07-03 153.289932 92.9004458
2 28 1939-07-24 213.265549 92.9004458
2 28 1940-07-27 113.364059 92.9004458
2 28 1942-05-20 114.936615 92.9004458
2 28 1943-05-15 104.227524 92.9004458
2 28 1944-05-14 108.732162 92.9004458
2 28 1944-06-08 147.624481 92.9004458
2 28 1944-08-21 102.75396 92.9004458
2 28 1944-09-25 118.124969 92.9004458
2 28 1944-10-18 104.227524 92.9004458
2 28 1945-05-14 248.344635 92.9004458
2 28 1945-06-05 102.75396 92.9004458
2 28 1946-09-02 289.96106 92.9004458
2 28 1946-09-20 108.732162 92.9004458
2 28 1947-05-15 133.199234 92.9004458
2 28 1948-05-13 102.75396 92.9004458
2 28 1948-08-19 113.364059 92.9004458
2 28 1948-09-07 165.049744 92.9004458
2 28 1949-05-06 113.364059 92.9004458
2 28 1949-05-25 104.985207 92.9004458
2 28 1950-05-13 145.951645 92.9004458
2 28 1950-05-23 172.066879 92.9004458
2 28 1950-06-22 246.618561 92.9004458
2 28 1950-07-26 100.48542 92.9004458
2 28 1950-08-19 124.337753 92.9004458
2 28 1950-08-31 111.192673 92.9004458
2 28 1951-05-26 169.954803 92.9004458
2 28 1951-08-10 220.591003 92.9004458
2 28 1951-08-20 196.475159 92.9004458
2 28 1951-08-28 225.64119 92.9004458
2 28 1952-05-06 317.331085 92.9004458
2 28 1952-08-11 151.72348 92.9004458
2 28 1953-05-20 99.014793 92.9004458
2 28 1953-07-10 108.059006 92.9004458
2 28 1953-08-25 153.680878 92.9004458
2 28 1954-05-14 142.099564 92.9004458
2 28 1954-05-23 161.065689 92.9004458
2 28 1954-08-11 142.099564 92.9004458
2 28 1955-06-03 138.493576 92.9004458
2 28 1956-05-12 138.493576 92.9004458
2 28 1956-09-12 111.805847 92.9004458
2 28 1957-05-20 126.351288 92.9004458
2 28 1957-09-14 201.583206 92.9004458
2 28 1958-05-27 142.099564 92.9004458
2 28 1959-04-30 114.936615 92.9004458
2 28 1959-05-14 129.7453 92.9004458
2 28 1960-05-16 157.829697 92.9004458
2 28 1960-05-25 111.172852 92.9004458
2 28 1960-07-17 161.54248 92.9004458
2 28 1961-05-09 108.210274 92.9004458
2 28 1961-10-20 199.441711 92.9004458
2 28 1961-11-10 172.993835 92.9004458
2 28 1962-05-24 152.357468 92.9004458
2 28 1963-05-11 259.279236 92.9004458
2 28 1963-08-09 105.295654 92.9004458
2 28 1963-08-20 123.508034 92.9004458
2 28 1964-06-24 105.295654 92.9004458
2 28 1964-10-10 295.47348 92.9004458
2 28 1965-09-09 99.609245 92.9004458
2 28 1966-05-19 343.301178 92.9004458
2 28 1967-06-01 264.276398 92.9004458
2 28 1967-10-05 131.464706 92.9004458
2 28 1967-10-15 105.715042 92.9004458
2 28 1968-05-02 105.715042 92.9004458
2 28 1969-05-27 131.464706 92.9004458
2 28 1970-05-15 114.936615 92.9004458
2 28 1971-05-17 145.767273 92.9004458
2 28 1971-05-29 121.371445 92.9004458
2 28 1971-06-28 142.099564 92.9004458
2 28 1972-05-10 111.805847 92.9004458
2 28 1973-06-01 298.803314 92.9004458
2 28 1975-05-11 192.549088 92.9004458
2 28 1977-05-25 291.409698 92.9004458
2 28 1978-05-24 287.706635 92.9004458
2 28 1979-05-25 338.403473 92.9004458
2 28 1979-08-10 115.005135 92.9004458
2 28 1980-05-07 105.404861 92.9004458
2 28 1980-05-31 202.267715 92.9004458
2 28 1980-10-08 107.279564 92.9004458
2 28 1981-05-13 147.342209 92.9004458
2 28 1982-05-18 138.183548 92.9004458
2 28 1982-05-28 164.347412 92.9004458
2 28 1983-05-19 266.157867 92.9004458
2 28 1984-10-03 108.210274 92.9004458
2 28 1985-05-21 111.172852 92.9004458
2 28 1986-05-11 94.111465 92.9004458
2 28 1987-10-16 121.923409 92.9004458
2 28 1988-05-15 161.54248 92.9004458
2 28 1988-09-03 303.601501 92.9004458
2 28 1990-05-03 101.013077 92.9004458
2 28 1993-05-03 182.898834 92.9004458
2 28 1994-05-14 109.685555 92.9004458
2 28 1994-08-27 106.746986 92.9004458
2 28 1994-09-10 99.609245 92.9004458
2 28 1995-06-02 364.25943 92.9004458
2 28 1995-06-09 121.923409 92.9004458
2 28 1998-05-03 97.227348 92.9004458
2 28 1998-05-16 171.911118 92.9004458
2 28 1998-06-17 132.924545 92.9004458
2 28 1998-09-14 106.77932 92.9004458
2 28 1999-05-22 242.076019 92.9004458
2 28 1999-05-29 101.730515 92.9004458
2 28 2000-05-01 119.504433 92.9004458
2 28 2000-07-07 93.879646 92.9004458
2 28 2000-10-11 227.124863 92.9004458
2 28 2000-10-22 98.469719 92.9004458
2 28 2000-11-09 226.555008 92.9004458
2 28 2000-11-21 100.516319 92.9004458
2 28 2000-12-08 108.007385 92.9004458
2 28 2001-05-19 126.06308 92.9004458
2 28 2002-05-28 138.987045 92.9004458
2 28 2003-05-14 120.501228 92.9004458
2 28 2003-05-26 108.928261 92.9004458
2 28 2003-08-14 106.647568 92.9004458
2 28 2004-05-06 198.643311 92.9004458
2 28 2006-05-10 130.950546 92.9004458
2 28 2006-05-20 118.065437 92.9004458
2 28 2007-05-04 102.988815 92.9004458
2 28 2007-06-24 104.646217 92.9004458
2 28 2008-05-03 221.136124 92.9004458
2 28 2009-05-02 146.261703 92.9004458
2 28 2009-07-31 104.176743 92.9004458
2 28 2009-08-29 95.670609 92.9004458
2 28 2010-05-21 167.115967 92.9004458
2 28 2010-08-29 103.134804 92.9004458
2 28 2010-10-07 128.057617 92.9004458
2 28 2011-04-12 99.894882 92.9004458
2 28 2011-06-10 267.380615 92.9004458
2 28 2011-07-24 111.638748 92.9004458
2 28 2011-08-28 96.637344 92.9004458
2 28 2011-09-07 138.631058 92.9004458
2 28 2013-05-12 146.045532 92.9004458
2 28 2013-05-23 374.691162 92.9004458
2 28 2014-05-24 211.276581 92.9004458
2 28 2014-10-25 98.276512 92.9004458
2 28 2015-09-03 93.920738 92.9004458
2 28 2015-09-18 111.510941 92.9004458
2 32 1917-05-31 103.8349 47.14711
2 32 1918-06-26 75.061188 47.14711
2 32 1919-05-27 71.114578 47.14711
2 32 1919-06-06 51.013962 47.14711
2 32 1920-05-30 67.276398 47.14711
2 32 1921-05-11 56.411217 47.14711
2 32 1921-05-29 98.250465 47.14711
2 32 1922-05-28 56.411217 47.14711
2 32 1922-07-10 56.411217 47.14711
2 32 1923-07-10 57.803696 47.14711
2 32 1924-06-23 80.768745 47.14711
2 32 1924-07-26 63.546505 47.14711
2 32 1925-05-21 55.036003 47.14711
2 32 1925-05-30 94.614754 47.14711
2 32 1926-05-30 105.731285 47.14711
2 32 1927-06-30 85.830429 47.14711
2 32 1927-07-27 55.036003 47.14711
2 32 1928-05-05 73.469521 47.14711
2 32 1928-08-18 53.005569 47.14711
2 32 1929-05-26 80.768745 47.14711
2 32 1930-05-26 91.048775 47.14711
2 32 1930-07-21 54.354874 47.14711
2 32 1931-05-22 59.213455 47.14711
2 32 1932-05-18 53.005569 47.14711
2 32 1934-05-06 133.044525 47.14711
2 32 1934-07-01 61.360516 47.14711
2 32 1934-07-19 73.469521 47.14711
2 32 1934-09-04 78.296585 47.14711
2 32 1935-06-17 94.614754 47.14711
2 32 1936-06-14 77.481224 47.14711
2 32 1937-05-07 60.640503 47.14711
2 32 1939-06-07 51.673519 47.14711
2 32 1939-06-20 134.117432 47.14711
2 32 1939-07-03 56.411217 47.14711
2 32 1939-07-25 63.546505 47.14711
2 32 1940-05-30 48.418835 47.14711
2 32 1940-08-25 67.276398 47.14711
2 32 1944-06-10 87.55246 47.14711
2 32 1944-06-29 48.418835 47.14711
2 32 1945-05-15 91.933739 47.14711
2 32 1945-05-31 68.035362 47.14711
2 32 1946-06-03 48.418835 47.14711
2 32 1946-09-03 53.005569 47.14711
2 32 1947-05-15 65.771454 47.14711
2 32 1947-05-27 53.005569 47.14711
2 32 1948-05-11 53.005569 47.14711
2 32 1948-05-22 49.707779 47.14711
2 32 1949-05-22 59.213455 47.14711
2 32 1949-06-06 58.506416 47.14711
2 32 1950-06-06 57.803696 47.14711
2 32 1950-06-23 71.114578 47.14711
2 32 1950-07-29 49.707779 47.14711
2 32 1950-08-18 59.92482 47.14711
2 32 1951-06-04 53.678066 47.14711
2 32 1951-06-28 64.283821 47.14711
2 32 1951-08-11 72.680206 47.14711
2 32 1951-08-21 77.481224 47.14711
2 32 1952-05-01 49.707779 47.14711
2 32 1952-05-14 65.025475 47.14711
2 32 1952-06-20 57.105293 47.14711
2 32 1953-06-05 56.411217 47.14711
2 32 1954-05-25 68.798668 47.14711
2 32 1955-06-06 52.337387 47.14711
2 32 1956-08-22 47.780823 47.14711
2 32 1957-05-20 47.780823 47.14711
2 32 1957-09-14 67.276398 47.14711
2 32 1958-06-04 72.680206 47.14711
2 32 1958-06-19 53.005569 47.14711
2 32 1958-07-01 77.481224 47.14711
2 32 1959-05-13 62.813519 47.14711
2 32 1959-05-23 50.358715 47.14711
2 32 1960-05-24 79.116295 47.14711
2 32 1960-06-14 48.418835 47.14711
2 32 1960-06-30 71.895218 47.14711
2 32 1960-07-19 75.061188 47.14711
2 32 1961-06-03 87.55246 47.14711
2 32 1962-06-21 71.114578 47.14711
2 32 1963-05-12 75.061188 47.14711
2 32 1963-05-27 66.521759 47.14711
2 32 1963-06-29 58.506416 47.14711
2 32 1964-05-30 49.707779 47.14711
2 32 1964-06-09 51.673519 47.14711
2 32 1964-06-23 51.013962 47.14711
2 32 1964-10-11 51.013962 47.14711
2 32 1965-06-03 73.469521 47.14711
2 32 1965-06-18 65.025475 47.14711
2 32 1966-05-19 158.832108 47.14711
2 32 1967-05-31 112.506264 47.14711
2 32 1968-06-07 83.280022 47.14711
2 32 1969-05-30 81.601486 47.14711
2 32 1970-05-30 58.506416 47.14711
2 32 1971-05-18 52.337387 47.14711
2 32 1971-06-01 80.768745 47.14711
2 32 1971-06-30 61.360516 47.14711
2 32 1972-06-08 69.566299 47.14711
2 32 1972-07-02 47.780823 47.14711
2 32 1973-06-02 136.276413 47.14711
2 32 1973-07-22 87.55246 47.14711
2 32 1974-05-15 47.780823 47.14711
2 32 1975-05-12 70.338272 47.14711
2 32 1975-06-10 51.673519 47.14711
2 32 1977-05-25 55.036003 47.14711
2 32 1977-06-15 66.521759 47.14711
2 32 1978-05-25 78.296585 47.14711
2 32 1979-05-19 55.036003 47.14711
2 32 1979-05-26 79.116295 47.14711
2 32 1979-06-02 105.731285 47.14711
2 32 1979-08-16 55.721455 47.14711
2 32 1980-06-01 58.506416 47.14711
2 32 1981-05-25 57.803696 47.14711
2 32 1982-06-01 62.084854 47.14711
2 32 1982-07-05 68.035362 47.14711
2 32 1983-05-19 68.798668 47.14711
2 32 1983-05-30 47.780823 47.14711
2 32 1984-05-29 68.798668 47.14711
2 32 1985-05-30 85.516502 47.14711
2 32 1985-07-21 57.553566 47.14711
2 32 1986-05-06 53.983799 47.14711
2 32 1987-06-18 59.378605 47.14711
2 32 1987-10-17 67.595032 47.14711
2 32 1988-05-31 75.621025 47.14711
2 32 1988-09-05 49.954903 47.14711
2 32 1990-06-23 78.390038 47.14711
2 32 1992-05-24 61.853519 47.14711
2 32 1993-05-04 53.983799 47.14711
2 32 1995-06-01 158.634842 47.14711
2 32 1996-06-19 64.356369 47.14711
2 32 1997-06-09 65.268486 47.14711
2 32 1997-07-03 53.617275 47.14711
2 32 1998-06-10 63.428814 47.14711
2 32 1999-05-23 56.444687 47.14711
2 32 1999-06-11 56.305271 47.14711
2 32 2000-05-03 64.789841 47.14711
2 32 2001-06-22 61.608341 47.14711
2 32 2001-07-11 57.264305 47.14711
2 32 2002-05-29 61.276695 47.14711
2 32 2003-08-16 98.296448 47.14711
2 32 2004-05-08 65.343124 47.14711
2 32 2005-06-23 54.893085 47.14711
2 32 2005-08-09 49.63081 47.14711
2 32 2008-05-04 57.105328 47.14711
2 32 2008-06-02 66.333778 47.14711
2 32 2009-07-22 48.259857 47.14711
2 32 2010-05-22 53.456036 47.14711
2 32 2010-06-13 55.064484 47.14711
2 32 2011-06-11 83.669258 47.14711
2 32 2012-05-26 56.751255 47.14711
2 32 2013-05-23 135.593872 47.14711
2 32 2013-06-03 54.414703 47.14711
2 32 2013-06-23 50.842773 47.14711
2 32 2014-05-24 93.044022 47.14711
2 32 2014-07-09 53.100346 47.14711
2 32 2015-07-04 55.288101 47.14711
1 37 1914-12-09 48.425167 43.5803633200001
1 37 1916-01-27 51.936684 43.5803633200001
1 37 1917-04-25 48.425167 43.5803633200001
1 37 1917-10-28 47.739124 43.5803633200001
1 37 1920-02-15 44.389744 43.5803633200001
1 37 1920-03-08 58.601326 43.5803633200001
1 37 1923-01-05 47.058483 43.5803633200001
1 37 1923-10-25 47.058483 43.5803633200001
1 37 1923-11-19 49.813492 43.5803633200001
1 37 1924-05-09 47.058483 43.5803633200001
1 37 1924-09-15 69.858887 43.5803633200001
1 37 1925-01-03 66.530914 43.5803633200001
1 37 1926-11-22 43.735981 43.5803633200001
1 37 1927-01-31 63.292377 43.5803633200001
1 37 1927-03-08 58.601326 43.5803633200001
1 37 1927-07-01 76.785042 43.5803633200001
1 37 1927-10-04 77.676277 43.5803633200001
1 37 1927-11-04 45.048862 43.5803633200001
2 21 1981-05-25 45.860661 30.642633
2 21 1981-07-12 45.860661 30.642633
2 21 1981-09-28 40.51083 30.642633
2 21 1982-06-06 34.56992 30.642633
2 21 1982-07-11 33.059334 30.642633
2 21 1983-06-20 47.745586 30.642633
2 21 1983-07-11 37.730846 30.642633
2 21 1983-08-02 44.632607 30.642633
2 21 1984-06-02 41.660797 30.642633
2 21 1984-08-01 31.116007 30.642633
2 21 1985-05-28 57.96653 30.642633
2 21 1985-06-27 49.031086 30.642633
2 21 1985-07-20 41.083073 30.642633
2 21 1985-10-01 67.951134 30.642633
2 21 1986-06-19 51.672428 30.642633
2 21 1986-07-30 41.083073 30.642633
2 21 1987-07-07 39.382671 30.642633
2 21 1988-05-29 34.061279 30.642633
2 21 1988-07-03 35.602676 30.642633
2 21 1988-07-20 37.730846 30.642633
2 21 1988-09-03 41.660797 30.642633
2 21 1989-06-28 59.4328 30.642633
2 21 1989-07-05 32.077648 30.642633
2 21 1989-07-29 33.059334 30.642633
2 21 1990-06-23 38.826702 30.642633
2 21 1990-08-04 32.565971 30.642633
2 21 1990-08-31 48.385429 30.642633
